Timestep,Preparation Update (ms),Pre-Update (ms),Update (ms),Post-Update (ms),Execution Time (ms),Real Time Factor (%),CPU Usage (%),GPU Usage (%)
0,0.0,0.0,0.0,0.0,0.0,0.0,16.7,40
1,0.0,0.0,0.0,0.0,0.0,99.95380834654881,4.0,40
2,0.0,0.0,0.0,0.0,0.0,99.95380834654881,6.5,40
3,0.0,0.0,0.0,0.0,0.0,99.95380834654881,6.9,40
4,0.0,0.0,0.0,0.0,0.0,99.95380834654881,7.3,40
5,0.0,0.0,0.0,0.0,0.0,99.95380834654881,7.0,40
6,0.0,0.0,0.0,0.0,0.0,99.95380834654881,7.3,40
7,0.0,0.0,0.0,0.0,0.0,99.95380834654881,7.3,42
8,0.0,0.0,0.0,0.0,0.0,99.95380834654881,7.3,42
9,0.0,0.0,0.0,0.0,0.0,99.95380834654881,7.1,42
10,0.0,0.0,0.0,0.0,0.0,99.95380834654881,7.0,42
11,0.0,0.0,0.0,0.0,0.0,99.95380834654881,7.3,42
12,0.0,3927.633063,0.0,0.0,3927.633063,99.95380834654881,7.4,42
13,0.0,3927.633063,0.0,0.0,3927.633063,99.95380834654881,7.1,42
14,0.0,3927.633063,0.0,0.0,3927.633063,99.95380834654881,7.3,42
15,0.0,3927.633063,0.0,0.0,3927.633063,99.95380834654881,7.1,38
16,0.0,3927.633063,0.0,0.0,3927.633063,99.95380834654881,7.2,38
17,0.0,3927.633063,0.0,0.0,3927.633063,99.95380834654881,7.2,38
18,0.0,3927.633063,0.0,0.0,3927.633063,99.95380834654881,7.4,38
19,0.0,3927.633063,0.0,0.0,3927.633063,99.95380834654881,7.4,38
20,0.0,3927.633063,0.0,0.0,3927.633063,99.95380834654881,7.1,38
21,0.0,3927.633063,0.0,0.0,3927.633063,99.95380834654881,7.1,38
22,0.0,3927.633063,0.0,0.0,3927.633063,99.95380834654881,7.0,38
23,0.0,3927.633063,0.0,0.0,3927.633063,99.95380834654881,7.5,38
24,0.0,3927.633063,0.0,0.0,3927.633063,99.95380834654881,7.3,38
25,0.0,3927.633063,0.0,0.0,3927.633063,99.95380834654881,7.2,38
26,0.0,3927.633063,0.0,0.0,3927.633063,99.95380834654881,7.2,38
27,0.0,3927.633063,0.0,0.0,3927.633063,99.95380834654881,7.5,38
28,0.0,3927.633063,0.0,0.0,3927.633063,99.95380834654881,4.4,38
29,0.0,3927.633063,0.0,0.0,3927.633063,99.95380834654881,1.9,38
30,0.0,3927.633063,0.0,0.0,3927.633063,99.95380834654881,1.9,41
31,0.0,3927.633063,0.0,0.0,3927.633063,99.95380834654881,1.9,41
32,0.0,3927.633063,0.0,0.0,3927.633063,99.95380834654881,2.2,41
33,0.0,3927.633063,0.0,0.0,3927.633063,99.95380834654881,1.9,41
34,0.0,3927.633063,0.0,0.0,3927.633063,99.95380834654881,1.9,41
35,0.0,3927.633063,0.0,0.0,3927.633063,99.95380834654881,1.9,41
36,0.0,3927.633063,0.0,0.0,3927.633063,99.95380834654881,1.9,41
37,0.0,3927.633063,0.0,0.0,3927.633063,99.95380834654881,2.0,41
38,0.0,3927.633063,0.0,0.0,3927.633063,99.95380834654881,1.7,41
39,0.0,3927.633063,0.0,0.0,3927.633063,99.95380834654881,1.7,36
40,0.0,3927.633063,0.0,0.0,3927.633063,99.95380834654881,1.5,36
41,0.0,3927.633063,0.0,0.0,3927.633063,99.95380834654881,2.4,36
42,0.0,3927.633063,0.0,0.0,3927.633063,99.95380834654881,1.4,36
43,0.0,3927.633063,0.0,0.0,3927.633063,99.95380834654881,1.6,36
44,0.0,3927.633063,0.0,0.0,3927.633063,99.95380834654881,1.6,36
45,0.0,3927.633063,0.0,0.0,3927.633063,99.95380834654881,1.9,36
46,0.0,3927.633063,0.0,0.0,3927.633063,99.95380834654881,1.9,36
47,0.0,3927.633063,0.0,0.0,3927.633063,99.95380834654881,1.9,36
48,0.0,3927.633063,0.0,0.0,3927.633063,99.95380834654881,1.9,36
49,0.0,3927.633063,0.0,0.0,3927.633063,99.95380834654881,1.9,40
50,0.0,3927.633063,0.0,0.0,3927.633063,99.95380834654881,1.9,40
51,0.0,3927.633063,0.0,0.0,3927.633063,99.95380834654881,1.9,40
52,0.0,3927.633063,0.0,0.0,3927.633063,99.95380834654881,1.9,40
53,0.0,3927.633063,0.0,0.0,3927.633063,99.95380834654881,1.5,40
54,0.0,3927.633063,0.0,0.0,3927.633063,99.95380834654881,1.3,40
55,0.0,3927.633063,0.0,0.0,3927.633063,99.95380834654881,1.9,40
56,0.0,3927.633063,0.0,0.0,3927.633063,99.95380834654881,2.5,40
57,0.0,3927.633063,0.0,0.0,3927.633063,99.95380834654881,1.9,40
58,0.0,3927.633063,0.0,0.0,3927.633063,99.95380834654881,1.3,40
59,0.0,3927.633063,0.0,0.0,3927.633063,99.95380834654881,2.2,37
60,0.0,3927.633063,0.0,0.0,3927.633063,99.95380834654881,1.6,37
61,0.0,3927.633063,0.0,0.0,3927.633063,99.95380834654881,1.9,37
62,0.0,3927.633063,0.0,0.0,3927.633063,99.95380834654881,1.9,37
63,0.0,3927.633063,0.0,0.0,3927.633063,99.95380834654881,2.5,37
64,0.0,3927.633063,0.0,0.0,3927.633063,99.95380834654881,1.8,37
65,0.0,3927.633063,0.0,0.0,3927.633063,99.95380834654881,2.1,37
66,0.0,3927.633063,0.0,0.0,3927.633063,99.95380834654881,2.1,37
67,0.0,3927.633063,0.0,0.0,3927.633063,99.95380834654881,2.1,37
68,0.0,3927.633063,0.0,0.0,3927.633063,99.95380834654881,1.9,40
69,0.0,3927.633063,0.0,0.0,3927.633063,99.95380834654881,2.2,40
70,0.0,3927.633063,0.0,0.0,3927.633063,99.95380834654881,1.6,40
71,0.0,3927.633063,0.0,0.0,3927.633063,99.95380834654881,1.6,40
72,0.0,3927.633063,0.0,0.0,3927.633063,99.95380834654881,1.6,40
73,0.0,3927.633063,0.0,0.0,3927.633063,99.95380834654881,1.9,40
74,0.0,3927.633063,0.0,0.0,3927.633063,99.95380834654881,1.6,40
75,0.0,3927.633063,0.0,0.0,3927.633063,99.95380834654881,1.6,40
76,0.0,3927.633063,0.0,0.0,3927.633063,99.95380834654881,1.9,40
77,0.0,3927.633063,0.0,0.0,3927.633063,99.95380834654881,2.0,40
78,0.0,3927.633063,0.0,0.0,3927.633063,99.95380834654881,1.7,37
79,0.0,3927.633063,0.0,0.0,3927.633063,99.95380834654881,1.6,37
80,0.0,3927.633063,0.0,0.0,3927.633063,99.95380834654881,1.7,37
81,0.0,3927.633063,0.0,0.0,3927.633063,99.95380834654881,1.6,37
82,0.0,3927.633063,0.0,0.0,3927.633063,99.95380834654881,2.2,37
83,0.0,3927.633063,0.0,0.0,3927.633063,99.95380834654881,1.9,37
84,0.0,3927.633063,0.0,0.0,3927.633063,99.95380834654881,2.2,37
85,0.0,3927.633063,0.0,0.0,3927.633063,99.95380834654881,1.3,37
86,0.0,3927.633063,0.0,0.0,3927.633063,99.95380834654881,2.5,37
87,0.0,3927.633063,0.0,0.0,3927.633063,99.95380834654881,1.6,37
88,0.0,3927.633063,0.0,0.0,3927.633063,99.95380834654881,1.9,38
89,0.0,3927.633063,0.0,0.0,3927.633063,99.95380834654881,1.6,38
90,0.0,3927.633063,0.0,0.0,3927.633063,99.95380834654881,1.7,38
91,0.0,3927.633063,0.0,0.0,3927.633063,99.95380834654881,1.7,38
92,0.0,3927.633063,0.0,0.0,3927.633063,99.95380834654881,2.1,38
93,0.0,3927.633063,0.0,0.0,3927.633063,99.95380834654881,1.9,38
94,0.0,3927.633063,0.0,0.0,3927.633063,99.95380834654881,1.7,38
95,0.0,3927.633063,0.0,0.0,3927.633063,99.95380834654881,2.2,38
96,0.0,3927.633063,0.0,0.0,3927.633063,99.95380834654881,1.6,38
97,0.0,3927.633063,0.0,0.0,3927.633063,99.95380834654881,1.3,38
98,0.0,3927.633063,0.0,0.0,3927.633063,99.95380834654881,2.2,37
99,0.0,3927.633063,0.0,0.0,3927.633063,99.95380834654881,1.6,37
100,0.0,3927.633063,0.0,0.0,3927.633063,99.95380834654881,1.6,37
101,0.0,3927.633063,0.0,0.0,3927.633063,99.95380834654881,1.6,37
102,0.0,3927.633063,0.0,0.0,3927.633063,99.95380834654881,1.9,37
103,0.0,3927.633063,0.0,0.0,3927.633063,99.95380834654881,1.9,37
104,0.0,3927.633063,0.0,0.0,3927.633063,99.95380834654881,1.9,37
105,0.0,3927.633063,0.0,0.0,3927.633063,99.95380834654881,2.2,37
106,0.0,3927.633063,0.0,0.0,3927.633063,99.95380834654881,1.5,37
107,0.0,3927.633063,0.0,0.0,3927.633063,99.95380834654881,1.4,37
108,0.0,3927.633063,0.0,0.0,3927.633063,99.95380834654881,1.8,37
109,0.0,3927.633063,0.0,0.0,3927.633063,99.95380834654881,2.0,37
110,0.0,3927.633063,0.0,0.0,3927.633063,99.95380834654881,1.2,37
111,0.0,3927.633063,0.0,0.0,3927.633063,99.95380834654881,2.2,37
112,0.0,3927.633063,0.0,0.0,3927.633063,99.95380834654881,1.9,37
113,0.0,3927.633063,0.0,0.0,3927.633063,99.95380834654881,1.9,37
114,0.0,3927.633063,0.0,0.0,3927.633063,99.95380834654881,1.9,37
115,0.0,3927.633063,0.0,0.0,3927.633063,99.95380834654881,2.5,37
116,0.0,3927.633063,0.0,0.0,3927.633063,99.95380834654881,1.9,37
117,0.0,3927.633063,0.0,0.0,3927.633063,99.95380834654881,1.6,37
118,0.0,3927.633063,0.0,0.0,3927.633063,99.95380834654881,1.9,40
119,0.0,3927.633063,0.0,0.0,3927.633063,99.95380834654881,1.5,40
120,0.0,3927.633063,0.0,0.0,3927.633063,99.95380834654881,1.5,40
121,0.0,3927.633063,0.0,0.0,3927.633063,99.95380834654881,1.8,40
122,0.0,3927.633063,0.0,0.0,3927.633063,99.95380834654881,1.9,40
123,0.0,3927.633063,0.0,0.0,3927.633063,99.95380834654881,1.6,40
124,0.0,3927.633063,0.0,0.0,3927.633063,99.95380834654881,1.9,40
125,0.0,3927.633063,0.0,0.0,3927.633063,99.95380834654881,1.9,40
126,0.0,3927.633063,0.0,0.0,3927.633063,99.95380834654881,1.9,40
127,0.0,3927.633063,0.0,0.0,3927.633063,99.95380834654881,1.9,40
128,0.0,3927.633063,0.0,0.0,3927.633063,99.95380834654881,1.6,41
129,0.0,3927.633063,0.0,0.0,3927.633063,99.95380834654881,1.9,41
130,0.0,3927.633063,0.0,0.0,3927.633063,99.95380834654881,1.9,41
131,0.0,3927.633063,0.0,0.0,3927.633063,99.95380834654881,1.5,41
132,0.0,3927.633063,0.0,0.0,3927.633063,99.95380834654881,1.6,41
133,0.0,3927.633063,0.0,0.0,3927.633063,99.95380834654881,1.9,41
134,0.0,3927.633063,0.0,0.0,3927.633063,99.95380834654881,2.2,41
135,0.0,3927.633063,0.0,0.0,3927.633063,99.95380834654881,1.5,41
136,0.0,3927.633063,41305.597448,0.0,45233.230511,99.95380834654881,1.9,41
137,317.5532,0.053429,59.297555,316.871592,693.775776,62.98001477863835,2.2,39
138,317.5532,0.053429,59.297555,316.871592,693.775776,62.98001477863835,1.8,39
139,317.5532,0.053429,59.297555,316.871592,693.775776,62.98001477863835,1.9,39
140,317.5532,0.053429,59.297555,316.871592,693.775776,62.98001477863835,2.0,39
141,317.5532,0.053429,59.297555,316.871592,693.775776,62.98001477863835,1.7,39
142,317.5532,0.053429,59.297555,316.871592,693.775776,62.98001477863835,1.8,39
143,1869.40489,0.04894,51.374383,1868.880183,3789.708396,10.698556621832491,2.8,39
144,53.124188,0.074793,51.374383,51.87872,156.452084,99.9231376236928,2.0,39
145,53.124188,0.074793,51.374383,51.87872,156.452084,99.9231376236928,1.2,39
146,65.303468,0.074793,51.374383,51.87872,168.63136400000002,99.9231376236928,1.9,39
147,65.303468,0.074793,51.374383,51.87872,168.63136400000002,99.9231376236928,1.6,39
148,65.303468,0.074793,51.374383,51.87872,168.63136400000002,99.9231376236928,1.3,39
149,61.081467,0.074793,51.374383,51.87872,164.40936299999998,99.9231376236928,1.9,39
150,61.081467,0.074793,51.374383,51.87872,164.40936299999998,99.9231376236928,1.9,39
151,61.081467,0.074793,51.374383,51.87872,164.40936299999998,99.9231376236928,1.6,39
152,55.215178,0.049455,55.258749,51.87872,162.402102,99.9231376236928,1.9,39
153,55.215178,0.049455,55.258749,51.87872,162.402102,99.9231376236928,1.9,39
154,55.215178,0.049455,55.258749,51.87872,162.402102,99.9231376236928,2.2,39
155,59.063921,0.054276,56.872709,55.079025,171.069931,99.9231376236928,1.5,39
156,59.063921,0.054276,56.872709,55.079025,171.069931,99.9231376236928,1.8,39
157,59.063921,0.054276,56.872709,55.079025,171.069931,99.9231376236928,1.9,36
158,58.614622,0.054731,56.45379,56.982163,172.10530599999998,99.90278659641876,2.2,36
159,58.614622,0.054731,56.45379,56.982163,172.10530599999998,99.90278659641876,1.6,36
160,58.614622,0.054731,56.45379,56.982163,172.10530599999998,99.90278659641876,1.3,36
161,56.201134,0.054731,53.46768,54.175727,163.899272,99.94840863043314,2.2,36
162,56.201134,0.054731,53.46768,54.175727,163.899272,99.94840863043314,1.9,36
163,59.863268,0.064058,53.46768,54.175727,167.570733,99.94840863043314,1.9,36
164,59.863268,0.064058,53.798085,54.175727,167.901138,99.94840863043314,1.6,36
165,59.863268,0.064058,53.798085,54.175727,167.901138,99.94840863043314,1.6,36
166,61.129742,0.064058,53.798085,54.175727,169.167612,99.94840863043314,1.8,36
167,61.129742,0.051712,53.798085,54.175727,169.155266,99.94840863043314,1.7,37
168,61.129742,0.051712,53.798085,54.175727,169.155266,99.94840863043314,1.8,37
169,61.129742,0.051712,53.798085,54.175727,169.155266,99.94840863043314,1.8,37
170,59.799364,0.051712,53.798085,54.175727,167.824888,99.94840863043314,1.6,37
171,59.799364,0.051712,53.798085,54.175727,167.824888,99.94840863043314,1.9,37
172,59.799364,0.051712,53.798085,54.175727,167.824888,99.94840863043314,2.2,37
173,54.957111,0.057674,53.798085,54.175727,162.988597,99.94840863043314,2.2,37
174,54.957111,0.057674,55.247299,54.175727,164.43781099999998,99.94840863043314,1.6,37
175,54.957111,0.057674,55.247299,54.175727,164.43781099999998,99.94840863043314,2.2,37
176,54.359717,0.051777,55.247299,54.175727,163.83452,99.94840863043314,2.2,37
177,54.359717,0.051777,55.247299,54.175727,163.83452,99.94840863043314,1.9,37
178,54.359717,0.051777,55.247299,54.175727,163.83452,99.94840863043314,1.9,37
179,53.377542,0.054687,51.447027,51.833936,156.713192,99.94840863043314,1.7,37
180,53.377542,0.054687,51.447027,51.833936,156.713192,99.97406122994359,1.5,37
181,53.377542,0.054687,51.447027,51.833936,156.713192,99.97406122994359,1.3,37
182,53.377542,0.054687,51.447027,51.833936,156.713192,99.97406122994359,1.6,37
183,57.772062,0.054687,51.447027,51.833936,161.107712,99.97406122994359,2.2,37
184,57.772062,0.054687,51.447027,51.833936,161.107712,99.97406122994359,1.9,37
185,53.275888,0.054687,51.447027,51.833936,156.611538,99.97406122994359,1.3,37
186,53.275888,0.0491,51.447027,51.833936,156.605951,99.97406122994359,1.9,37
187,53.275888,0.0491,51.447027,51.833936,156.605951,99.97406122994359,1.6,36
188,53.275888,0.0491,51.447027,51.833936,156.605951,99.97406122994359,1.9,36
189,56.696191,0.0491,51.447027,51.833936,160.026254,99.97406122994359,1.9,36
190,56.696191,0.0491,51.447027,51.833936,160.026254,99.97406122994359,2.1,36
191,56.696191,0.0491,51.447027,51.833936,160.026254,99.97406122994359,1.3,36
192,59.243861,0.0491,51.447027,51.833936,162.573924,99.97406122994359,1.9,36
193,59.243861,0.0491,51.447027,51.833936,162.573924,99.97406122994359,2.2,36
194,54.03387,0.0491,51.447027,51.833936,157.363933,99.97406122994359,1.9,36
195,54.03387,0.052577,51.447027,51.833936,157.36741,99.97406122994359,1.9,36
196,59.654175,0.051772,58.020402,58.454713,176.181062,99.97767548495258,1.6,36
197,61.666371,0.049023,59.693335,60.089055,181.497784,99.97890095263746,1.6,37
198,54.757689,0.049023,59.693335,60.089055,174.589102,99.97890095263746,1.6,37
199,54.757689,0.049023,59.693335,60.089055,174.589102,99.97890095263746,1.6,37
200,54.757689,0.049023,59.693335,60.089055,174.589102,99.97890095263746,1.9,37
201,66.960196,0.049023,59.693335,60.089055,186.791609,99.97890095263746,1.8,37
202,66.960196,0.049023,59.693335,60.089055,186.791609,99.97890095263746,1.9,37
203,65.848116,0.065711,63.340804,63.709873,192.96450399999998,99.95972972348494,1.9,37
204,65.848116,0.065711,63.340804,63.709873,192.96450399999998,99.95972972348494,1.9,37
205,65.848116,0.065711,63.340804,63.709873,192.96450399999998,99.95972972348494,1.9,37
206,54.814626,0.065711,63.340804,63.709873,181.931014,99.95972972348494,1.6,37
207,54.814626,0.065711,63.340804,63.709873,181.931014,99.95972972348494,1.6,41
208,54.814626,0.065711,63.340804,63.709873,181.931014,99.95972972348494,2.2,41
209,58.573147,0.054718,63.340804,63.709873,185.678542,99.95972972348494,1.9,41
210,58.573147,0.054718,63.340804,63.709873,185.678542,99.95972972348494,1.9,41
211,58.573147,0.054718,63.340804,63.709873,185.678542,99.95972972348494,1.6,41
212,64.15253,0.107058,62.419446,63.709873,190.38890700000002,99.95972972348494,2.0,41
213,64.15253,0.107058,62.419446,63.709873,190.38890700000002,99.95972972348494,2.0,41
214,64.15253,0.107058,62.419446,63.709873,190.38890700000002,99.95972972348494,2.0,41
215,55.069615,0.047594,62.419446,63.709873,181.246528,99.95972972348494,2.3,41
216,55.069615,0.047594,62.419446,63.709873,181.246528,99.95972972348494,1.8,38
217,55.069615,0.047594,62.419446,63.709873,181.246528,99.95972972348494,1.9,38
218,58.73552,0.047594,62.419446,63.709873,184.91243300000002,99.95972972348494,1.8,38
219,58.73552,0.047594,62.419446,63.709873,184.91243300000002,99.95972972348494,1.6,38
220,58.73552,0.047594,62.419446,63.709873,184.91243300000002,99.95972972348494,2.0,38
221,59.948659,0.047594,62.419446,63.709873,186.12557199999998,99.95972972348494,2.4,38
222,59.948659,0.047594,62.419446,63.709873,186.12557199999998,99.95972972348494,1.7,38
223,59.948659,0.047594,62.419446,63.709873,186.12557199999998,99.95972972348494,1.8,38
224,59.103704,0.047594,62.419446,63.709873,185.280617,99.95972972348494,1.6,38
225,59.103704,0.047594,62.419446,63.709873,185.280617,99.95972972348494,1.9,38
226,59.103704,0.047594,62.419446,63.709873,185.280617,99.95972972348494,2.2,40
227,57.187498,0.047594,62.419446,63.709873,183.36441100000002,99.95972972348494,1.9,40
228,57.187498,0.047594,62.419446,63.709873,183.36441100000002,99.95972972348494,1.6,40
229,57.187498,0.047594,62.419446,63.709873,183.36441100000002,99.95972972348494,1.9,40
230,57.912077,0.05127,62.419446,63.709873,184.092666,99.95972972348494,1.9,40
231,57.912077,0.05127,62.419446,63.709873,184.092666,99.95972972348494,2.5,40
232,57.912077,0.05127,62.419446,63.709873,184.092666,99.95972972348494,1.9,40
233,62.530457,0.05127,62.419446,63.709873,188.711046,99.95972972348494,1.3,40
234,62.530457,0.05127,62.419446,63.709873,188.711046,99.95972972348494,1.7,40
235,62.530457,0.05127,62.419446,63.709873,188.711046,99.95972972348494,2.2,40
236,59.200871,0.052913,62.419446,63.709873,185.383103,99.95972972348494,1.7,37
237,59.200871,0.052913,59.030314,63.709873,181.993971,99.95972972348494,1.8,37
238,59.200871,0.052913,59.030314,63.709873,181.993971,99.95972972348494,1.7,37
239,59.645503,0.053132,59.030314,63.709873,182.43882200000002,99.95972972348494,1.8,37
240,59.645503,0.053132,59.030314,63.709873,182.43882200000002,99.95972972348494,1.9,37
241,59.645503,0.053132,59.030314,63.709873,182.43882200000002,99.95972972348494,2.5,37
242,62.014549,0.053132,59.030314,63.709873,184.80786799999998,99.95972972348494,1.9,37
243,62.014549,0.053132,59.030314,63.709873,184.80786799999998,99.95972972348494,1.9,37
244,62.014549,0.053132,59.030314,63.709873,184.80786799999998,99.95972972348494,1.9,37
245,61.159171,0.053132,59.030314,63.709873,183.95249,99.95972972348494,1.9,37
246,61.159171,0.054143,59.030314,63.709873,183.95350100000002,99.95972972348494,2.2,39
247,61.159171,0.054143,59.030314,63.709873,183.95350100000002,99.95972972348494,1.9,39
248,59.648595,0.054143,59.030314,63.709873,182.442925,99.95972972348494,1.5,39
249,59.648595,0.090735,59.030314,63.709873,182.479517,99.95972972348494,1.8,39
250,59.648595,0.090735,59.030314,63.709873,182.479517,99.95972972348494,2.0,39
251,62.493015,0.090735,59.030314,63.709873,185.323937,99.95972972348494,1.5,39
252,62.493015,0.057657,59.030314,63.709873,185.290859,99.95972972348494,1.6,39
253,62.493015,0.057657,59.030314,63.709873,185.290859,99.95972972348494,1.9,39
254,56.847198,0.054303,57.153566,57.532925,171.58799199999999,99.95972972348494,1.6,39
255,56.847198,0.054303,57.153566,57.532925,171.58799199999999,99.94962738678962,1.6,39
256,56.847198,0.054303,57.153566,57.532925,171.58799199999999,99.94962738678962,1.2,35
257,58.67409,0.054303,57.153566,57.532925,173.414884,99.94962738678962,1.9,35
258,58.67409,0.054303,57.153566,57.532925,173.414884,99.94962738678962,1.6,35
259,58.67409,0.053443,57.153566,57.532925,173.414024,99.94962738678962,2.2,35
260,57.466044,0.053443,57.153566,57.532925,172.205978,99.94962738678962,2.2,35
261,57.466044,0.053443,57.153566,57.532925,172.205978,99.94962738678962,1.7,35
262,59.553075,0.053072,57.153566,57.532925,174.292638,99.94962738678962,1.4,35
263,59.553075,0.053072,57.153566,57.532925,174.292638,99.94962738678962,1.7,35
264,59.553075,0.051402,57.147249,57.718501,174.47022700000002,99.94962738678962,1.6,35
265,56.825174,0.051402,57.147249,57.718501,171.742326,99.99468678231781,1.6,35
266,56.825174,0.051402,57.147249,57.718501,171.742326,99.99468678231781,1.6,42
267,56.825174,0.044895,57.147249,57.718501,171.735819,99.99468678231781,1.6,42
268,56.825174,0.044895,57.428237,57.718501,172.016807,99.99468678231781,2.2,42
269,56.825174,0.044895,57.428237,57.718501,172.016807,99.99468678231781,1.9,42
270,56.825174,0.044895,57.428237,57.718501,172.016807,99.99468678231781,2.8,42
271,52.629156,0.044895,57.428237,57.718501,167.820789,99.99468678231781,2.2,42
272,52.629156,0.044895,57.428237,57.718501,167.820789,99.99468678231781,1.9,42
273,63.578534,0.044895,57.428237,57.718501,178.77016700000001,99.99468678231781,2.1,42
274,63.578534,0.052552,57.428237,57.718501,178.777824,99.99468678231781,1.8,42
275,63.578534,0.052552,57.428237,57.718501,178.777824,99.99468678231781,2.1,42
276,63.578534,0.052552,57.428237,57.718501,178.777824,99.99468678231781,1.7,40
277,61.051187,0.052552,57.428237,57.718501,176.250477,99.99468678231781,1.8,40
278,61.051187,0.052552,57.428237,57.718501,176.250477,99.99468678231781,2.1,40
279,59.337632,0.052552,57.428237,57.718501,174.536922,99.99468678231781,1.3,40
280,59.337632,0.059556,57.428237,57.718501,174.543926,99.99468678231781,2.2,40
281,59.337632,0.059556,57.428237,57.718501,174.543926,99.99468678231781,1.9,40
282,59.337632,0.059556,57.428237,57.718501,174.543926,99.99468678231781,1.9,40
283,53.661636,0.059556,57.428237,57.718501,168.86793,99.99468678231781,1.9,40
284,53.661636,0.059556,57.428237,57.718501,168.86793,99.99468678231781,1.6,40
285,53.661636,0.059556,57.428237,57.718501,168.86793,99.99468678231781,1.9,39
286,57.418093,0.05203,57.428237,57.718501,172.616861,99.99468678231781,1.9,39
287,57.418093,0.05203,57.428237,57.718501,172.616861,99.99468678231781,1.8,39
288,57.418093,0.05203,57.428237,57.718501,172.616861,99.99468678231781,2.3,39
289,59.556516,0.057435,57.590782,58.129158,175.333891,99.99468678231781,2.0,39
290,59.556516,0.057435,57.590782,58.129158,175.333891,100.00129251670577,2.0,39
291,59.556516,0.057435,57.590782,58.129158,175.333891,100.00129251670577,1.6,39
292,59.556516,0.057435,57.590782,58.129158,175.333891,100.00129251670577,2.2,39
293,57.340711,0.057435,57.590782,58.129158,173.11808599999998,100.00129251670577,1.6,39
294,57.340711,0.057435,57.590782,58.129158,173.11808599999998,100.00129251670577,2.2,39
295,57.340711,0.057435,57.590782,58.129158,173.11808599999998,100.00129251670577,1.3,38
296,57.612187,0.057435,57.590782,58.129158,173.38956199999998,100.00129251670577,2.5,38
297,57.478671,0.048409,55.956014,56.302274,169.785368,100.00382964665633,1.6,38
298,50.554226,0.048578,48.997057,49.38894,148.988801,100.00459371101212,1.9,38
299,56.979921,0.059876,55.081606,55.53808,167.659483,99.99503474654966,1.6,38
300,52.794569,0.061555,50.782426,51.218394,154.856944,100.00658943417781,2.4,38
301,52.283605,0.057415,49.708818,50.217728,152.267566,99.94639774742407,1.2,38
302,64.232146,0.092104,61.623083,62.052527,187.99986,99.94818336355792,2.2,38
303,71.273346,0.077869,68.803612,69.197621,209.352448,99.96268442971581,1.3,38
304,53.359921,0.056106,51.197301,51.727966,156.341294,99.9961306497245,2.2,38
305,52.429715,0.058251,50.544025,50.989772,154.02176300000002,99.9506663501029,1.9,38
306,63.62765,0.056699,61.662013,62.02885,187.375212,99.94757999298318,1.9,38
307,52.5733,0.055201,50.711557,51.237234,154.577292,99.96255003025666,1.3,38
308,53.747947,0.068558,51.599072,51.98575,157.401327,99.98994751062702,1.6,38
309,56.577081,0.04998,54.667332,55.046295,166.340688,100.0067759591051,1.9,38
310,57.943491,0.057177,55.94172,56.383042,170.32542999999998,99.99920750628051,2.2,38
311,60.632691,0.066221,58.079847,58.545148,177.32390700000002,99.99974850063252,1.5,38
312,59.177628,0.050324,56.393514,57.050816,172.672282,100.00190553630999,1.8,38
313,53.980021,0.049995,51.381094,51.986584,157.397694,100.00056750322057,1.3,38
314,67.511415,0.056736,64.801988,65.338894,197.70903299999998,99.99399736033845,2.2,38
315,56.851528,0.050497,54.418119,55.043773,166.36391700000001,99.99563419061124,2.2,40
316,57.271,0.051298,55.200829,55.632724,168.155851,100.0025860668757,1.9,40
317,61.876809,0.067166,59.337507,60.031649,181.313131,100.006377906751,1.6,40
318,62.213098,0.066112,59.47669,59.740771,181.496671,99.98255404414483,1.9,40
319,74.969584,0.057849,72.268817,72.664169,219.960419,99.98834985741635,1.9,40
320,69.091374,0.055733,67.10752,67.519318,203.773945,99.95535244294754,2.2,40
321,59.239518,0.060164,57.108627,57.476647,173.884956,99.98894872144255,1.3,40
322,71.908781,0.051523,69.054834,69.495342,210.51048,99.92684305856261,1.9,40
323,70.698395,0.066257,68.802319,69.184705,208.75167599999997,99.94235874430602,2.1,40
324,63.857357,0.077825,61.55768,62.000442,187.493304,99.95790422800293,1.3,40
325,64.275308,0.071102,61.606107,62.006585,187.959102,99.99819253266998,2.2,37
326,65.593317,0.062545,63.230016,63.558437,192.444315,99.98519219303621,1.6,37
327,72.499853,0.069467,69.903714,70.262679,212.73571299999998,100.00086650750828,1.9,37
328,62.588793,0.04895,60.434332,60.96276,184.034835,99.94119809698167,1.9,37
329,57.804837,0.046035,55.859661,56.218444,169.928977,99.95580603969664,1.9,37
330,57.804837,0.046035,55.859661,56.218444,169.928977,99.95580603969664,2.2,37
331,61.458774,0.050204,59.366376,59.947312,180.822666,99.95580603969664,1.6,37
332,61.458774,0.050204,59.366376,59.947312,180.822666,99.95580603969664,2.2,37
333,61.458774,0.050204,59.366376,59.947312,180.822666,99.95580603969664,1.9,37
334,67.695683,0.050204,59.366376,59.947312,187.059575,99.95580603969664,1.5,37
335,67.695683,0.050204,59.366376,59.947312,187.059575,99.95580603969664,1.9,41
336,67.695683,0.050204,59.366376,59.947312,187.059575,99.95580603969664,1.7,41
337,59.912071,0.050204,59.366376,59.947312,179.275963,99.95580603969664,1.5,41
338,59.912071,0.052119,59.366376,59.947312,179.277878,99.95580603969664,1.9,41
339,55.925417,0.04896,54.049882,54.490752,164.51501100000002,100.00412567020452,3.0,41
340,58.065416,0.057721,56.262222,56.741157,171.12651599999998,100.00721752088847,1.4,41
341,59.469721,0.047649,57.68179,58.001298,175.200458,100.00260706796627,1.8,41
342,57.019611,0.048118,55.124725,55.550575,167.743029,99.9500879245931,2.1,41
343,61.126344,0.053664,58.410049,59.039959,178.630016,99.9399560743905,1.7,41
344,60.558858,0.051397,58.191847,58.594061,177.396163,99.99777654943843,1.4,41
345,60.920053,0.053618,58.818636,59.341035,179.133342,99.9906213796677,2.1,39
346,61.156914,0.053618,58.818636,59.341035,179.370203,99.9906213796677,2.2,39
347,61.156914,0.053618,58.818636,59.341035,179.370203,99.9906213796677,2.0,39
348,61.156914,0.053618,58.818636,59.341035,179.370203,99.9906213796677,2.2,39
349,69.853758,0.068748,67.641292,59.341035,196.90483300000002,99.9906213796677,1.7,39
350,69.853758,0.068748,67.641292,59.341035,196.90483300000002,99.9906213796677,1.9,39
351,69.853758,0.068748,67.641292,59.341035,196.90483300000002,99.9906213796677,1.3,39
352,69.853758,0.068748,67.641292,59.341035,196.90483300000002,99.9906213796677,1.9,39
353,59.255323,0.068748,67.641292,59.341035,186.306398,99.9906213796677,1.9,39
354,59.255323,0.068748,67.641292,59.341035,186.306398,99.9906213796677,1.6,39
355,55.34731,0.051964,53.458906,59.341035,168.199215,99.9906213796677,1.9,42
356,55.34731,0.051964,53.458906,55.897575,164.75575500000002,99.9906213796677,1.6,42
357,55.34731,0.051964,53.458906,55.897575,164.75575500000002,99.9906213796677,0.9,42
358,63.07584,0.051964,53.458906,55.897575,172.484285,99.9906213796677,2.5,42
359,63.07584,0.050459,53.458906,55.897575,172.48278,99.9906213796677,1.3,42
360,63.07584,0.050459,53.458906,55.897575,172.48278,99.9906213796677,2.1,42
361,63.07584,0.050459,53.458906,55.897575,172.48278,99.9906213796677,1.5,42
362,60.667469,0.050459,53.458906,55.897575,170.074409,99.9906213796677,1.9,42
363,60.667469,0.049344,53.458906,55.897575,170.07329399999998,99.9906213796677,2.0,42
364,60.667469,0.049344,53.458906,55.897575,170.07329399999998,99.9906213796677,1.7,40
365,54.008457,0.049344,53.458906,55.897575,163.41428200000001,99.9906213796677,1.6,40
366,54.008457,0.053925,53.458906,55.897575,163.418863,99.9906213796677,1.9,40
367,54.008457,0.053925,53.458906,55.897575,163.418863,99.9906213796677,1.9,40
368,54.008457,0.053925,53.458906,55.897575,163.418863,99.9906213796677,2.2,40
369,54.308877,0.053925,53.458906,55.897575,163.71928300000002,99.9906213796677,3.1,40
370,54.308877,0.053925,53.458906,55.897575,163.71928300000002,99.9906213796677,1.9,40
371,61.721372,0.053925,53.458906,55.897575,171.131778,99.9906213796677,1.6,40
372,61.721372,0.056112,59.470181,60.152231,181.399896,99.98262202046662,2.2,40
373,61.721372,0.056112,59.470181,60.152231,181.399896,99.98262202046662,1.9,40
374,61.235826,0.056112,59.470181,60.152231,180.91435,99.98262202046662,1.6,40
375,61.235826,0.05266,57.480663,60.152231,178.92138,99.98262202046662,2.0,40
376,57.005966,0.05266,57.480663,60.152231,174.69152,99.98262202046662,1.7,40
377,57.005966,0.05266,57.480663,60.152231,174.69152,99.98262202046662,1.9,40
378,57.005966,0.053791,55.229528,55.954847,168.244132,99.98262202046662,1.3,40
379,57.005966,0.053791,55.229528,55.954847,168.244132,99.94403983293694,1.9,40
380,57.005966,0.053791,55.229528,55.954847,168.244132,99.94403983293694,1.9,40
381,57.005966,0.053791,55.229528,55.954847,168.244132,99.94403983293694,1.3,40
382,56.725972,0.053791,55.229528,55.954847,167.964138,99.94403983293694,1.9,40
383,56.725972,0.053791,55.229528,55.954847,167.964138,99.94403983293694,1.9,40
384,56.725972,0.053791,55.229528,55.954847,167.964138,99.94403983293694,1.6,38
385,56.579966,0.053791,55.229528,55.954847,167.818132,99.94403983293694,1.3,38
386,56.579966,0.053791,55.229528,55.954847,167.818132,99.94403983293694,2.2,38
387,56.579966,0.053791,55.229528,55.954847,167.818132,99.94403983293694,1.8,38
388,61.288937,0.053791,55.229528,55.954847,172.527103,99.94403983293694,8.8,38
389,61.288937,0.053791,55.229528,55.954847,172.527103,99.94403983293694,8.4,38
390,61.288937,0.053791,55.229528,55.954847,172.527103,99.94403983293694,7.3,38
391,57.97688,0.053791,55.229528,55.954847,169.215046,99.94403983293694,8.2,38
392,57.97688,0.055176,55.229528,55.954847,169.216431,99.94403983293694,6.8,38
393,57.97688,0.055176,55.229528,55.954847,169.216431,99.94403983293694,4.3,38
394,57.97688,0.055176,55.229528,55.954847,169.216431,99.94403983293694,4.1,38
395,58.683994,0.055176,55.229528,55.954847,169.923545,99.94403983293694,3.7,38
396,58.683994,0.055176,55.229528,55.954847,169.923545,99.94403983293694,4.1,38
397,64.035739,0.055176,55.229528,55.954847,175.27529,99.94403983293694,4.3,38
398,64.035739,0.081038,55.229528,55.954847,175.301152,99.94403983293694,4.5,38
399,64.035739,0.081038,55.229528,55.954847,175.301152,99.94403983293694,3.8,38
400,56.345981,0.081038,55.229528,55.954847,167.61139400000002,99.94403983293694,3.9,38
401,56.345981,0.053254,55.229528,55.954847,167.58361000000002,99.94403983293694,3.9,38
402,56.345981,0.053254,55.229528,55.954847,167.58361000000002,99.94403983293694,3.9,38
403,56.345981,0.053254,55.229528,55.954847,167.58361000000002,99.94403983293694,4.2,38
404,56.780909,0.053254,55.229528,55.954847,168.018538,99.94403983293694,3.9,46
405,56.780909,0.053254,55.229528,55.954847,168.018538,99.94403983293694,3.9,46
406,56.780909,0.053254,55.229528,55.954847,168.018538,99.94403983293694,3.9,46
407,60.456061,0.053254,55.229528,55.954847,171.69369,99.94403983293694,4.1,46
408,60.456061,0.053254,55.229528,55.954847,171.69369,99.94403983293694,6.3,46
409,60.205481,0.050543,55.229528,55.954847,171.440399,99.94403983293694,5.2,46
410,60.205481,0.050543,52.419664,55.954847,168.630535,99.94403983293694,4.9,46
411,60.205481,0.050543,52.419664,55.954847,168.630535,99.94403983293694,6.5,46
412,60.205481,0.050543,52.419664,55.954847,168.630535,99.94403983293694,4.4,46
413,57.467548,0.050543,52.419664,55.954847,165.892602,99.94403983293694,6.0,35
414,57.467548,0.050543,52.419664,55.954847,165.892602,99.94403983293694,5.5,35
415,57.467548,0.050543,52.419664,55.954847,165.892602,99.94403983293694,5.6,35
416,53.290726,0.050543,52.419664,55.954847,161.71578,99.94403983293694,5.3,35
417,53.290726,0.050543,52.419664,55.954847,161.71578,99.94403983293694,5.0,35
418,50.810228,0.045904,52.419664,55.954847,159.230643,99.94403983293694,6.2,35
419,50.810228,0.045904,55.117358,55.954847,161.928337,99.94403983293694,4.2,35
420,50.810228,0.045904,55.117358,55.954847,161.928337,99.94403983293694,6.5,35
421,50.810228,0.045904,55.117358,55.954847,161.928337,99.94403983293694,4.6,35
422,58.516678,0.045904,55.117358,55.954847,169.63478700000002,99.94403983293694,6.0,35
423,58.516678,0.045904,55.117358,55.954847,169.63478700000002,99.94403983293694,5.1,33
424,62.399924,0.045904,55.117358,55.954847,173.518033,99.94403983293694,5.0,33
425,62.399924,0.05292,60.233989,60.790548,183.477381,99.94403983293694,6.6,33
426,62.399924,0.05292,60.233989,60.790548,183.477381,99.97168102191692,3.9,33
427,53.86548,0.05292,60.233989,60.790548,174.942937,99.97168102191692,7.3,33
428,53.86548,0.050921,57.368051,60.790548,172.075,99.97168102191692,4.7,33
429,53.459323,0.050921,57.368051,57.958703,168.836998,99.97168102191692,5.4,33
430,53.459323,0.050921,57.368051,57.958703,168.836998,99.97168102191692,6.0,33
431,53.459323,0.052506,57.368051,57.958703,168.838583,99.97168102191692,5.3,33
432,56.461203,0.052506,54.298055,57.958703,168.770467,99.97168102191692,6.0,37
433,56.461203,0.052506,54.298055,57.958703,168.770467,99.97168102191692,4.0,37
434,56.461203,0.066507,54.298055,57.958703,168.784468,99.97168102191692,5.9,37
435,56.461203,0.066507,56.216311,57.958703,170.702724,99.97168102191692,6.7,37
436,56.461203,0.066507,56.216311,57.958703,170.702724,99.97168102191692,3.8,37
437,56.461203,0.066507,56.216311,57.958703,170.702724,99.97168102191692,6.8,37
438,58.953494,0.066507,56.216311,57.958703,173.195015,99.97168102191692,5.0,37
439,58.953494,0.066507,56.216311,57.958703,173.195015,99.97168102191692,5.1,37
440,58.953494,0.066507,56.216311,57.958703,173.195015,99.97168102191692,5.5,37
441,57.844237,0.066507,56.216311,57.958703,172.085758,99.97168102191692,4.7,37
442,57.844237,0.066507,56.216311,57.958703,172.085758,99.97168102191692,7.0,40
443,60.961682,0.048883,59.03671,57.958703,178.005978,99.97168102191692,4.4,40
444,60.961682,0.048883,59.03671,55.114726,175.162001,99.97168102191692,5.3,40
445,60.961682,0.048883,59.03671,55.114726,175.162001,99.97168102191692,5.5,40
446,60.961682,0.048883,59.03671,55.114726,175.162001,99.97168102191692,4.6,40
447,54.567426,0.048883,59.03671,55.114726,168.767745,99.97168102191692,5.9,40
448,54.567426,0.048883,59.03671,55.114726,168.767745,99.97168102191692,4.4,40
449,54.567426,0.048883,59.03671,55.114726,168.767745,99.97168102191692,6.2,40
450,58.453103,0.048883,59.03671,55.114726,172.65342199999998,99.97168102191692,5.0,40
451,58.453103,0.048883,59.03671,55.114726,172.65342199999998,99.97168102191692,5.6,37
452,54.202152,0.048883,59.03671,55.114726,168.402471,99.97168102191692,6.1,37
453,54.202152,0.047572,59.03671,55.114726,168.40116,99.97168102191692,4.1,37
454,54.202152,0.047572,59.03671,55.114726,168.40116,99.97168102191692,7.3,37
455,56.423608,0.051427,59.03671,55.114726,170.62647099999998,99.97168102191692,3.8,37
456,56.423608,0.051427,60.605039,55.114726,172.1948,99.97168102191692,6.7,37
457,56.423608,0.051427,60.605039,55.114726,172.1948,99.97168102191692,5.6,37
458,52.972773,0.051427,60.605039,55.114726,168.74396499999997,99.97168102191692,5.5,37
459,52.972773,0.046821,60.605039,55.114726,168.73935899999998,99.97168102191692,5.2,37
460,52.972773,0.046821,57.368336,55.114726,165.502656,99.97168102191692,5.4,37
461,56.209922,0.046821,57.368336,55.114726,168.739805,99.97168102191692,6.1,37
462,56.209922,0.047639,58.901067,59.40973,174.568358,100.00032150103362,4.9,37
463,56.209922,0.047639,58.901067,59.40973,174.568358,100.00032150103362,6.7,37
464,60.627701,0.047639,58.901067,59.40973,178.98613699999999,100.00032150103362,3.9,37
465,60.627701,0.054829,58.901067,59.40973,178.993327,100.00032150103362,7.1,37
466,60.627701,0.054829,58.901067,59.40973,178.993327,100.00032150103362,4.0,37
467,60.804558,0.054829,58.901067,59.40973,179.170184,100.00032150103362,6.3,37
468,60.804558,0.061603,58.293427,59.40973,178.569318,100.00032150103362,5.0,37
469,55.353666,0.061603,58.293427,59.40973,173.118426,100.00032150103362,4.9,39
470,55.353666,0.061603,58.293427,59.40973,173.118426,100.00032150103362,6.2,39
471,55.353666,0.047603,55.180456,59.40973,169.991455,100.00032150103362,4.5,39
472,61.364986,0.047237,57.526794,58.018668,176.957685,99.97105787888877,6.7,39
473,59.05037,0.051306,56.980561,57.679539,173.761776,99.96116608658701,3.7,39
474,54.813931,0.053902,52.805484,53.45377,161.127087,99.96529904574226,6.8,39
475,60.017718,0.053902,52.805484,53.45377,166.330874,99.96529904574226,4.3,39
476,60.017718,0.057388,52.805484,53.45377,166.33436,99.96529904574226,6.6,39
477,60.017718,0.057388,52.805484,53.45377,166.33436,99.96529904574226,4.5,39
478,66.25724,0.057388,52.805484,53.45377,172.573882,99.96529904574226,6.0,39
479,66.25724,0.057388,52.805484,53.45377,172.573882,99.96529904574226,5.8,38
480,66.25724,0.057388,52.805484,53.45377,172.573882,99.96529904574226,4.9,38
481,57.305604,0.057388,52.805484,53.45377,163.622246,99.96529904574226,6.4,38
482,57.305604,0.057388,52.805484,53.45377,163.622246,99.96529904574226,3.9,38
483,57.305604,0.057388,52.805484,53.45377,163.622246,99.96529904574226,6.3,38
484,56.202608,0.057388,52.805484,53.45377,162.51925,99.96529904574226,4.1,38
485,56.202608,0.054723,52.805484,53.45377,162.516585,99.96529904574226,5.7,38
486,56.202608,0.054723,52.805484,53.45377,162.516585,99.96529904574226,5.8,38
487,59.990412,0.05292,52.805484,53.45377,166.302586,99.96529904574226,4.7,38
488,59.990412,0.05292,57.880484,53.45377,171.377586,99.96529904574226,5.9,37
489,59.990412,0.05292,57.880484,53.45377,171.377586,99.96529904574226,4.5,37
490,59.990412,0.05292,57.880484,53.45377,171.377586,99.96529904574226,6.2,37
491,59.157104,0.05292,57.880484,53.45377,170.544278,99.96529904574226,5.2,37
492,59.157104,0.05292,57.880484,53.45377,170.544278,99.96529904574226,5.7,37
493,59.157104,0.05292,57.880484,53.45377,170.544278,99.96529904574226,5.5,37
494,58.398948,0.05292,57.880484,53.45377,169.786122,99.96529904574226,5.3,37
495,58.398948,0.05292,57.880484,53.45377,169.786122,99.96529904574226,5.7,37
496,58.398948,0.05292,57.880484,53.45377,169.786122,99.96529904574226,4.4,37
497,59.362215,0.05292,57.880484,53.45377,170.749389,99.96529904574226,6.8,41
498,59.362215,0.05292,57.880484,53.45377,170.749389,99.96529904574226,3.8,41
499,59.362215,0.05292,57.880484,53.45377,170.749389,99.96529904574226,6.3,41
500,59.362215,0.05292,57.880484,53.45377,170.749389,99.96529904574226,5.6,41
501,55.451965,0.05292,57.880484,53.45377,166.839139,99.96529904574226,4.9,41
502,55.451965,0.05292,57.880484,53.45377,166.839139,99.96529904574226,5.8,41
503,55.451965,0.05292,57.880484,53.45377,166.839139,99.96529904574226,4.6,41
504,56.99406,0.052385,57.880484,53.45377,168.380699,99.96529904574226,6.5,41
505,56.99406,0.052385,67.03667,53.45377,177.53688499999998,99.96529904574226,3.7,41
506,56.99406,0.052385,67.03667,53.45377,177.53688499999998,99.96529904574226,6.9,39
507,56.99406,0.052385,67.03667,53.45377,177.53688499999998,99.96529904574226,3.5,39
508,54.714667,0.052385,67.03667,53.45377,175.25749199999998,99.96529904574226,6.7,39
509,54.714667,0.052385,67.03667,53.45377,175.25749199999998,99.96529904574226,4.9,39
510,54.714667,0.052385,67.03667,53.45377,175.25749199999998,99.96529904574226,5.7,39
511,56.94536,0.052385,67.03667,53.45377,177.488185,99.96529904574226,5.5,39
512,56.94536,0.052385,67.03667,53.45377,177.488185,99.96529904574226,4.9,39
513,56.94536,0.052385,67.03667,53.45377,177.488185,99.96529904574226,6.5,39
514,57.47847,0.052385,67.03667,53.45377,178.021295,99.96529904574226,4.4,39
515,57.47847,0.052385,67.03667,53.45377,178.021295,99.96529904574226,7.0,34
516,57.47847,0.052385,67.03667,53.45377,178.021295,99.96529904574226,4.1,34
517,60.133872,0.052385,67.03667,53.45377,180.676697,99.96529904574226,6.2,34
518,57.144191,0.04719,55.408613,55.883269,168.48326300000002,99.96300569085392,4.1,34
519,59.937239,0.048307,58.168378,58.76888,176.92280399999999,100.00864024647409,6.5,34
520,59.937239,0.048307,58.168378,58.76888,176.92280399999999,100.00864024647409,4.7,34
521,59.937239,0.048307,58.168378,58.76888,176.92280399999999,100.00864024647409,5.8,34
522,57.250101,0.048307,58.168378,58.76888,174.235666,100.00864024647409,5.4,34
523,57.250101,0.048307,58.168378,58.76888,174.235666,100.00864024647409,5.1,34
524,57.250101,0.048307,58.168378,58.76888,174.235666,100.00864024647409,5.7,34
525,71.637282,0.048307,58.168378,58.76888,188.62284699999998,100.00864024647409,4.4,37
526,71.637282,0.048307,58.168378,58.76888,188.62284699999998,100.00864024647409,6.4,37
527,71.637282,0.048307,58.168378,58.76888,188.62284699999998,100.00864024647409,4.6,37
528,56.752885,0.048307,58.168378,58.76888,173.73845,100.00864024647409,5.6,37
529,56.752885,0.048307,58.168378,58.76888,173.73845,100.00864024647409,5.4,37
530,57.281322,0.048307,58.168378,58.76888,174.266887,100.00864024647409,5.0,37
531,57.281322,0.061114,58.168378,58.76888,174.279694,100.00864024647409,6.3,37
532,57.281322,0.061114,58.168378,58.76888,174.279694,100.00864024647409,3.7,37
533,56.658002,0.061114,58.168378,58.76888,173.656374,100.00864024647409,7.3,37
534,56.658002,0.063147,58.168378,58.76888,173.658407,100.00864024647409,5.4,38
535,56.658002,0.063147,58.168378,58.76888,173.658407,100.00864024647409,4.9,38
536,56.658002,0.063147,58.168378,58.76888,173.658407,100.00864024647409,6.7,38
537,56.229917,0.063147,58.168378,58.76888,173.230322,100.00864024647409,5.2,38
538,56.229917,0.063147,58.168378,58.76888,173.230322,100.00864024647409,5.0,38
539,56.229917,0.063147,58.168378,58.76888,173.230322,100.00864024647409,6.4,38
540,52.782816,0.063147,58.168378,58.76888,169.783221,100.00864024647409,3.9,38
541,52.782816,0.063147,58.168378,58.76888,169.783221,100.00864024647409,7.1,38
542,52.782816,0.063147,58.168378,58.76888,169.783221,100.00864024647409,4.2,38
543,57.535206,0.063147,58.168378,58.76888,174.535611,100.00864024647409,6.0,38
544,57.535206,0.063147,58.168378,58.76888,174.535611,100.00864024647409,5.6,38
545,57.535206,0.063147,58.168378,58.76888,174.535611,100.00864024647409,5.9,38
546,59.854862,0.063147,58.168378,58.76888,176.855267,100.00864024647409,6.0,38
547,59.854862,0.063147,58.168378,58.76888,176.855267,100.00864024647409,6.7,38
548,59.854862,0.063147,58.168378,58.76888,176.855267,100.00864024647409,6.5,38
549,63.143788,0.063147,58.168378,58.76888,180.144193,100.00864024647409,5.9,38
550,63.143788,0.063147,58.168378,58.76888,180.144193,100.00864024647409,4.2,38
551,57.80973,0.052025,56.021057,58.76888,172.651692,100.00864024647409,5.8,38
552,57.80973,0.052025,56.021057,54.027829,167.910641,100.00864024647409,6.2,38
553,57.80973,0.052025,56.021057,54.027829,167.910641,100.00864024647409,4.5,39
554,57.90799,0.052025,56.021057,54.027829,168.00890099999998,100.00864024647409,5.6,39
555,57.90799,0.052025,56.021057,54.027829,168.00890099999998,100.00864024647409,5.5,39
556,57.90799,0.052025,56.021057,54.027829,168.00890099999998,100.00864024647409,4.8,39
557,62.868659,0.056357,56.021057,54.027829,172.973902,100.00864024647409,6.5,39
558,62.868659,0.056357,56.021057,54.027829,172.973902,100.00864024647409,3.9,39
559,57.611,0.047416,55.800145,56.201589,169.66015,100.00751606486986,6.9,39
560,66.673864,0.049541,64.683155,65.078284,196.484844,99.96528605476462,4.4,39
561,70.618397,0.05253,68.551326,68.985603,208.20785600000002,99.94458722278313,5.6,39
562,58.884589,0.055888,57.141428,57.523761,173.605666,99.94424909896762,6.2,37
563,66.511544,0.052873,64.620858,65.057462,196.24273699999998,99.99671460794156,4.5,37
564,64.029315,0.053485,62.102434,62.413255,188.598489,99.99722157719847,6.3,37
565,73.386896,0.061725,70.858127,71.292668,215.59941599999996,99.97662446543374,3.9,37
566,53.109739,0.048322,51.530552,51.960966,156.64957900000002,100.00497324731958,6.5,37
567,54.41359,0.05168,52.615401,53.052065,160.132736,99.96565979654669,5.5,37
568,61.967965,0.071182,59.524501,59.964294,181.527942,99.93325308126822,4.8,37
569,56.222299,0.07289,53.649739,54.299246,164.244174,100.00267507155816,6.6,37
570,56.954261,0.049507,54.624735,55.286531,166.915034,99.98828737201724,3.8,37
571,55.15538,0.067572,53.447635,53.915642,162.586229,99.97233015832043,6.0,41
572,69.447686,0.068752,67.129349,67.54978,204.195567,99.95191912882227,5.4,41
573,59.657869,0.066343,57.164572,57.660767,174.549551,100.0013175173583,4.6,41
574,58.751992,0.07656,56.17143,56.65553,171.655512,99.98831736499906,5.6,41
575,67.187909,0.060184,64.834171,65.233165,197.315429,99.98403604888425,5.0,41
576,58.600154,0.047831,56.95475,57.354499,172.957234,100.00690547682318,6.0,41
577,57.147117,0.050311,55.080307,55.449594,167.727329,100.00336611330339,4.5,41
578,65.004884,0.067169,62.54427,62.932891,190.549214,99.93387675176966,6.4,41
579,68.240457,0.056204,66.219118,66.569891,201.08567,99.99457529429029,5.0,41
580,61.129053,0.051417,58.963038,59.414546,179.558054,99.96130897574784,5.1,41
581,56.812019,0.047012,54.987046,55.375239,167.221316,99.9335322090571,6.1,41
582,64.218751,0.0549,61.824492,62.29632,188.394463,99.94124653998408,4.0,41
583,69.172644,0.069404,66.985644,67.517851,203.745543,99.98367366592709,6.9,41
584,59.151592,0.053332,57.228089,57.570759,174.003772,100.00228855237351,3.5,41
585,59.151592,0.053332,57.228089,57.570759,174.003772,100.00228855237351,6.8,41
586,60.099635,0.05457,57.228089,57.570759,174.953053,100.00228855237351,4.9,41
587,60.099635,0.05457,55.469564,57.570759,173.194528,100.00228855237351,5.0,41
588,60.099635,0.05457,55.469564,57.570759,173.194528,100.00228855237351,6.4,41
589,60.099635,0.05457,55.469564,57.570759,173.194528,100.00228855237351,4.1,41
590,64.74948,0.05457,55.469564,57.570759,177.84437300000002,100.00228855237351,6.0,41
591,64.74948,0.05457,55.469564,57.570759,177.84437300000002,100.00228855237351,4.6,41
592,64.74948,0.05457,55.469564,57.570759,177.84437300000002,100.00228855237351,5.6,41
593,59.069812,0.05457,55.469564,57.570759,172.164705,100.00228855237351,5.6,41
594,59.069812,0.05457,55.469564,57.570759,172.164705,100.00228855237351,5.2,41
595,59.069812,0.05457,55.469564,57.570759,172.164705,100.00228855237351,5.8,41
596,62.387951,0.05457,55.469564,57.570759,175.482844,100.00228855237351,4.5,41
597,62.387951,0.05457,55.469564,57.570759,175.482844,100.00228855237351,5.8,33
598,62.387951,0.05457,55.469564,57.570759,175.482844,100.00228855237351,4.3,33
599,62.387951,0.05457,55.469564,57.570759,175.482844,100.00228855237351,6.4,33
600,52.17111,0.05457,55.469564,57.570759,165.266003,100.00228855237351,4.7,33
601,52.17111,0.05457,55.469564,57.570759,165.266003,100.00228855237351,5.5,33
602,52.17111,0.05457,55.469564,57.570759,165.266003,100.00228855237351,5.5,33
603,57.681395,0.05457,55.469564,57.570759,170.776288,100.00228855237351,5.4,33
604,57.681395,0.05457,55.469564,57.570759,170.776288,100.00228855237351,5.5,33
605,57.681395,0.05457,55.469564,57.570759,170.776288,100.00228855237351,4.8,33
606,55.265438,0.05457,55.469564,57.570759,168.360331,100.00228855237351,6.3,37
607,55.265438,0.05457,55.469564,57.570759,168.360331,100.00228855237351,3.9,37
608,55.265438,0.05457,55.469564,57.570759,168.360331,100.00228855237351,7.0,37
609,58.351113,0.05457,55.469564,57.570759,171.446006,100.00228855237351,3.9,37
610,58.351113,0.05457,55.469564,57.570759,171.446006,100.00228855237351,7.0,37
611,58.351113,0.05457,55.469564,57.570759,171.446006,100.00228855237351,4.2,37
612,53.91513,0.05457,55.469564,57.570759,167.010023,100.00228855237351,6.2,37
613,59.368399,0.045685,57.277817,57.715123,174.407024,100.00284908117033,5.4,37
614,55.870846,0.052636,53.652149,54.135885,163.71151600000002,100.01025555165555,4.9,37
615,55.236283,0.051745,53.573168,53.97123,162.832426,100.00161902621203,6.6,37
616,58.077781,0.048921,56.475579,56.865511,171.467792,100.00502325231797,4.0,37
617,61.968531,0.063543,59.493727,59.820707,181.346508,99.99359940970179,6.4,37
618,68.496084,0.057861,65.296845,65.70755,199.55834000000002,99.96112461883011,3.7,37
619,62.036507,0.063185,59.853261,60.206143,182.159096,99.96196946871562,6.8,37
620,62.236057,0.071921,59.829793,60.24813,182.38590100000002,99.95958883722284,5.4,37
621,58.031237,0.049576,55.943104,56.497144,170.521061,99.96574623722309,5.2,37
622,63.247318,0.050246,61.565263,62.055485,186.91831200000001,99.99750656217388,6.1,37
623,63.827524,0.062045,61.588928,61.916661,187.395158,100.00244805992851,4.2,37
624,72.439697,0.072053,70.316785,70.633409,213.461944,100.01897159853281,6.8,37
625,71.983925,0.067689,69.448048,69.842633,211.342295,99.95576507594447,4.1,37
626,68.543457,0.060544,66.542389,67.041387,202.18777699999998,100.01022904622685,6.9,37
627,58.147672,0.067672,55.753887,56.368482,170.337713,99.9879449534167,4.7,37
628,65.342437,0.061961,62.82196,63.373084,191.599442,99.99815303411346,5.7,37
629,60.44882,0.062216,57.910822,58.246862,176.66872,99.95095906193626,5.7,37
630,63.823962,0.063854,61.656383,62.077821,187.62202,99.98523018179755,4.7,37
631,71.310276,0.070475,68.916176,69.327386,209.62431299999997,100.00180253249064,6.6,37
632,60.068598,0.0491,58.394325,58.862705,177.374728,100.0003405011594,4.1,37
633,68.717563,0.073884,65.780627,66.436193,201.008267,99.98527416882041,6.6,37
634,66.548475,0.047722,65.780627,66.436193,198.813017,99.98527416882041,4.1,37
635,66.548475,0.047722,65.780627,66.436193,198.813017,99.98527416882041,7.3,37
636,66.548475,0.047722,65.780627,66.436193,198.813017,99.98527416882041,4.8,37
637,63.512493,0.047722,65.780627,66.436193,195.777035,99.98527416882041,6.0,37
638,63.512493,0.075672,65.780627,66.436193,195.804985,99.98527416882041,5.1,37
639,63.512493,0.075672,65.780627,66.436193,195.804985,99.98527416882041,5.2,37
640,66.802165,0.075672,65.780627,66.436193,199.09465699999998,99.98527416882041,6.0,37
641,66.802165,0.055655,65.780627,66.436193,199.07464,99.98527416882041,4.2,37
642,66.802165,0.055655,65.780627,66.436193,199.07464,99.98527416882041,6.6,37
643,66.802165,0.055655,65.780627,66.436193,199.07464,99.98527416882041,3.9,37
644,59.639678,0.055655,65.780627,66.436193,191.912153,99.98527416882041,5.6,37
645,59.639678,0.055655,65.780627,66.436193,191.912153,99.98527416882041,6.3,37
646,63.039336,0.050005,60.659146,61.289709,185.038196,99.98527416882041,4.0,37
647,63.039336,0.050005,60.659146,61.289709,185.038196,99.96030876020059,5.9,37
648,63.039336,0.050005,60.659146,61.289709,185.038196,99.96030876020059,5.0,37
649,57.428026,0.050005,60.659146,61.289709,179.42688600000002,99.96030876020059,5.4,37
650,57.428026,0.050005,60.659146,58.879631,177.01680800000003,99.96030876020059,5.6,37
651,59.167197,0.050005,60.659146,58.879631,178.75597900000002,99.96030876020059,4.8,37
652,59.167197,0.057108,60.659146,56.039087,175.922538,100.01110773368045,6.6,37
653,59.167197,0.057108,60.659146,56.039087,175.922538,100.01110773368045,4.1,37
654,60.843386,0.057108,60.659146,56.039087,177.598727,100.01110773368045,5.9,37
655,60.843386,0.053043,60.659146,56.039087,177.594662,100.01110773368045,5.2,37
656,60.843386,0.053043,60.659146,56.039087,177.594662,100.01110773368045,5.3,37
657,62.555166,0.053043,60.659146,56.039087,179.306442,100.01110773368045,6.2,37
658,62.555166,0.068083,64.206544,56.039087,182.86888,100.01110773368045,4.4,37
659,58.709048,0.068083,64.206544,56.039087,179.022762,100.01110773368045,6.5,37
660,58.709048,0.068083,64.206544,56.039087,179.022762,100.01110773368045,4.9,37
661,58.709048,0.04982,51.500965,51.91596,162.175793,100.01110773368045,5.6,37
662,58.006909,0.04982,51.500965,51.91596,161.473654,100.01110773368045,5.8,37
663,58.006909,0.04982,51.500965,51.91596,161.473654,100.01110773368045,4.8,37
664,58.006909,0.047878,58.917021,51.91596,168.887768,100.01110773368045,6.2,37
665,61.363637,0.047878,58.917021,51.91596,172.24449599999997,100.01110773368045,4.0,37
666,61.363637,0.047878,58.917021,51.91596,172.24449599999997,100.01110773368045,6.4,37
667,61.363637,0.055703,58.917021,51.91596,172.252321,100.01110773368045,4.1,37
668,58.956885,0.055703,58.917021,51.91596,169.845569,100.01110773368045,6.1,37
669,58.956885,0.055703,58.917021,51.91596,169.845569,100.01110773368045,5.6,37
670,58.956885,0.056996,58.917021,51.91596,169.846862,100.01110773368045,4.8,37
671,63.780016,0.056996,58.917021,51.91596,174.66999299999998,100.01110773368045,5.9,35
672,63.780016,0.056996,58.917021,51.91596,174.66999299999998,100.01110773368045,4.0,35
673,63.780016,0.056996,58.917021,51.91596,174.66999299999998,100.01110773368045,7.0,35
674,63.780016,0.053238,58.917021,51.91596,174.666235,100.01110773368045,4.0,35
675,63.780016,0.053238,58.917021,51.91596,174.666235,100.01110773368045,5.5,35
676,63.780016,0.053238,58.917021,51.91596,174.666235,100.01110773368045,6.7,35
677,60.224756,0.053238,58.917021,51.91596,171.110975,100.01110773368045,4.5,35
678,60.224756,0.053238,58.917021,51.91596,171.110975,100.01110773368045,6.9,35
679,60.224756,0.053238,58.917021,51.91596,171.110975,100.01110773368045,3.8,35
680,59.586301,0.053238,58.917021,51.91596,170.47251999999997,100.01110773368045,6.8,39
681,59.586301,0.053238,58.917021,51.91596,170.47251999999997,100.01110773368045,4.6,39
682,59.586301,0.053238,58.917021,51.91596,170.47251999999997,100.01110773368045,5.5,39
683,56.394273,0.053238,58.917021,51.91596,167.28049199999998,100.01110773368045,5.8,39
684,56.394273,0.053238,58.917021,51.91596,167.28049199999998,100.01110773368045,4.6,39
685,56.394273,0.053238,58.917021,51.91596,167.28049199999998,100.01110773368045,6.4,39
686,59.37219,0.053238,58.917021,51.91596,170.258409,100.01110773368045,3.6,39
687,59.37219,0.053238,58.917021,51.91596,170.258409,100.01110773368045,6.5,39
688,59.37219,0.053238,58.917021,51.91596,170.258409,100.01110773368045,4.1,39
689,62.101071,0.056468,55.504794,51.91596,169.57829299999997,100.01110773368045,5.7,37
690,62.101071,0.056468,55.504794,51.91596,169.57829299999997,100.01110773368045,5.6,37
691,62.101071,0.056468,55.504794,51.91596,169.57829299999997,100.01110773368045,4.9,37
692,62.101071,0.056468,55.504794,51.91596,169.57829299999997,100.01110773368045,5.4,37
693,53.400601,0.056468,55.504794,51.91596,160.87782299999998,100.01110773368045,4.8,37
694,53.400601,0.056468,55.504794,51.91596,160.87782299999998,100.01110773368045,6.3,37
695,53.123626,0.057163,50.570916,50.947516,154.699221,100.01110773368045,5.0,37
696,53.123626,0.057163,50.570916,50.947516,154.699221,99.94336409443495,5.8,37
697,53.123626,0.057163,50.570916,50.947516,154.699221,99.94336409443495,5.8,37
698,58.800269,0.059501,56.180932,50.947516,165.988218,99.94336409443495,4.2,37
699,58.800269,0.059501,56.180932,56.608412,171.649114,99.94336409443495,6.2,37
700,58.800269,0.059501,56.180932,56.608412,171.649114,99.94336409443495,4.7,37
701,58.181386,0.059501,56.180932,56.608412,171.03023100000001,99.94336409443495,5.4,37
702,58.181386,0.049394,56.180932,56.608412,171.020124,99.94336409443495,5.5,37
703,58.181386,0.049394,56.180932,56.608412,171.020124,99.94336409443495,4.9,37
704,58.181386,0.049394,56.180932,56.608412,171.020124,99.94336409443495,6.5,37
705,56.123798,0.049394,56.180932,56.608412,168.962536,99.94336409443495,4.5,37
706,56.123798,0.049394,56.180932,56.608412,168.962536,99.94336409443495,5.4,37
707,56.123798,0.049394,56.180932,56.608412,168.962536,99.94336409443495,5.5,37
708,52.333147,0.049394,56.180932,56.608412,165.17188499999997,99.94336409443495,5.2,38
709,52.333147,0.049394,56.180932,56.608412,165.17188499999997,99.94336409443495,6.3,38
710,57.795862,0.058596,55.098028,56.608412,169.560898,99.94336409443495,4.4,38
711,57.795862,0.058596,55.098028,57.945531,170.89801699999998,99.94336409443495,6.3,38
712,57.795862,0.058596,55.098028,57.945531,170.89801699999998,99.94336409443495,3.7,38
713,56.910554,0.048028,55.098028,57.945531,170.002141,99.94336409443495,6.4,38
714,56.910554,0.048028,57.384946,57.945531,172.289059,99.94336409443495,5.2,38
715,65.03661,0.048028,57.384946,57.945531,180.41511500000001,99.94336409443495,5.3,38
716,65.03661,0.050483,50.147583,50.724848,165.959524,99.94336409443495,6.0,38
717,65.03661,0.050483,50.147583,50.724848,165.959524,99.99912500765619,4.1,38
718,56.900154,0.050483,50.147583,50.724848,157.823068,99.99912500765619,6.7,38
719,56.900154,0.050483,50.147583,50.724848,157.823068,99.99912500765619,3.9,38
720,56.900154,0.06681,50.147583,50.724848,157.839395,99.99912500765619,6.5,38
721,62.289181,0.06681,50.147583,50.724848,163.228422,99.99912500765619,5.2,38
722,62.289181,0.06681,50.147583,50.724848,163.228422,99.99912500765619,6.1,38
723,62.289181,0.052507,53.150599,50.724848,166.217135,99.99912500765619,5.8,38
724,58.099132,0.052507,53.150599,50.724848,162.027086,99.99912500765619,4.9,38
725,58.099132,0.052507,53.150599,50.724848,162.027086,99.99912500765619,6.5,38
726,58.099132,0.050276,53.150599,50.724848,162.024855,99.99912500765619,4.3,38
727,64.254141,0.050276,53.150599,50.724848,168.179864,99.99912500765619,6.8,35
728,64.254141,0.051999,53.150599,50.724848,168.181587,99.99912500765619,3.8,35
729,60.499184,0.051999,53.66238,50.724848,164.938411,99.99912500765619,6.0,35
730,60.499184,0.051999,53.66238,50.724848,164.938411,99.99912500765619,5.6,35
731,60.499184,0.051999,53.66238,50.724848,164.938411,99.99912500765619,4.9,35
732,59.255597,0.066264,55.212775,57.822087,172.35672300000002,99.99912500765619,6.2,35
733,59.255597,0.066264,55.212775,57.822087,172.35672300000002,99.99912500765619,4.5,35
734,59.255597,0.066264,55.212775,57.822087,172.35672300000002,99.99912500765619,6.8,35
735,59.255597,0.052478,55.212775,57.822087,172.342937,99.99912500765619,3.9,35
736,59.255597,0.052478,55.212775,57.822087,172.342937,99.99912500765619,6.9,39
737,59.255597,0.052478,55.212775,57.822087,172.342937,99.99912500765619,4.4,39
738,65.195512,0.052478,55.212775,57.822087,178.282852,99.99912500765619,5.8,39
739,65.195512,0.052478,55.212775,57.822087,178.282852,99.99912500765619,6.1,39
740,55.592976,0.058528,53.461359,57.822087,166.93495000000001,99.99912500765619,4.5,39
741,55.592976,0.058528,53.461359,63.76961,172.882473,99.99912500765619,6.1,39
742,55.592976,0.058528,53.461359,63.76961,172.882473,99.99912500765619,4.7,39
743,55.592976,0.058528,53.461359,63.76961,172.882473,99.99912500765619,5.8,39
744,57.228183,0.058528,53.461359,63.76961,174.51768,99.99912500765619,6.2,39
745,57.228183,0.058528,53.461359,63.76961,174.51768,99.99912500765619,4.4,38
746,57.228183,0.058528,53.461359,63.76961,174.51768,99.99912500765619,6.2,38
747,55.370123,0.058528,53.461359,63.76961,172.65962000000002,99.99912500765619,4.1,38
748,55.370123,0.058528,53.461359,63.76961,172.65962000000002,99.99912500765619,6.5,38
749,60.662012,0.052781,58.542665,63.76961,183.02706799999999,99.99912500765619,5.2,38
750,60.662012,0.052781,58.542665,54.596651,173.854109,99.99912500765619,5.1,38
751,60.662012,0.052781,58.542665,54.596651,173.854109,99.99912500765619,6.0,38
752,58.905126,0.052781,58.542665,54.596651,172.097223,99.99912500765619,4.4,38
753,58.905126,0.052781,58.542665,54.596651,172.097223,99.99912500765619,6.4,38
754,58.905126,0.052781,58.542665,54.596651,172.097223,99.99912500765619,3.8,38
755,53.398028,0.049174,58.542665,54.596651,166.586518,99.99912500765619,7.0,37
756,53.398028,0.049174,58.542665,54.596651,166.586518,99.99912500765619,4.6,37
757,53.398028,0.049174,58.542665,54.596651,166.586518,99.99912500765619,5.3,37
758,54.442996,0.055367,58.542665,54.596651,167.637679,99.99912500765619,5.9,37
759,54.442996,0.055367,58.542665,54.596651,167.637679,99.99912500765619,4.9,37
760,57.883652,0.049224,55.806584,54.596651,168.33611100000002,99.99912500765619,6.5,37
761,57.883652,0.049224,55.806584,56.207543,169.947003,99.96746908604737,3.8,37
762,57.883652,0.049224,55.806584,56.207543,169.947003,99.96746908604737,6.8,37
763,56.979861,0.051768,55.115833,55.629907,167.77736900000002,99.96746908604737,3.6,37
764,56.979861,0.051768,55.115833,55.629907,167.77736900000002,99.9438900009951,6.7,38
765,56.979861,0.051768,55.115833,55.629907,167.77736900000002,99.9438900009951,5.1,38
766,51.241152,0.049169,59.378919,59.786442,170.455682,99.9438900009951,5.2,38
767,51.241152,0.049169,59.378919,59.786442,170.455682,100.00602386284739,6.0,38
768,57.776501,0.049169,59.378919,59.786442,176.991031,100.00602386284739,4.6,38
769,57.776501,0.049169,59.378919,59.786442,176.991031,100.00602386284739,6.2,38
770,57.776501,0.045072,59.378919,59.786442,176.986934,100.00602386284739,4.4,38
771,58.790187,0.045072,59.378919,59.786442,178.00062,100.00602386284739,6.5,38
772,58.790187,0.045351,55.173181,55.649573,169.658292,100.00230605317759,3.8,38
773,55.718417,0.047509,55.236228,55.641321,166.643475,100.00589434741283,6.5,37
774,60.818175,0.054024,58.344895,58.802293,178.019387,99.9377033329389,4.7,37
775,58.6088,0.04803,56.116124,56.568457,171.341411,99.96068945926325,5.1,37
776,54.868473,0.048902,53.033336,53.560741,161.511452,100.00267407150467,6.9,37
777,82.675616,0.065681,80.432706,80.856637,244.03064,99.98136297403482,3.9,37
778,63.75122,0.058099,61.567646,61.911471,187.28843600000002,99.9872676213411,6.7,37
779,64.402414,0.06436,62.109386,62.394223,188.97038299999997,99.99810653585274,4.4,37
780,68.804718,0.062941,66.461945,66.8913,202.220904,100.0035681273108,6.2,37
781,62.056337,0.05723,59.974465,60.38076,182.468792,99.98659479723554,5.0,37
782,55.68002,0.044878,53.648,54.054808,163.427706,99.96540647126359,5.3,37
783,69.423303,0.061765,67.442973,67.796222,204.724263,100.00329110831036,6.3,37
784,73.802755,0.063793,71.397461,71.816608,217.08061700000002,99.99801553938163,4.0,37
785,62.422341,0.063834,60.115097,60.535775,183.137047,99.99806553742218,5.7,37
786,57.958505,0.057715,55.744492,56.122686,169.883398,100.00642991341128,5.8,37
787,58.157686,0.050076,56.479575,56.890003,171.57734,100.00525527616477,4.6,37
788,59.132447,0.046267,56.830719,57.110579,173.120012,100.00015850025122,6.0,37
789,74.31599,0.060864,71.140419,71.67347,217.190743,99.94534688596235,4.1,37
790,80.333439,0.065493,77.685386,78.116115,236.20043299999998,99.99282751448239,6.4,37
791,68.293523,0.060281,65.500441,66.005121,199.859366,99.9595978299511,4.7,37
792,64.339004,0.065163,61.813478,62.338904,188.55654900000002,99.97849962365594,5.9,37
793,59.882452,0.065233,57.170845,57.692037,174.810567,99.94375764982014,5.8,37
794,61.310463,0.06658,59.198449,59.761736,180.33722799999998,100.0083496971162,4.9,37
795,57.417362,0.052177,54.714448,55.223822,167.407809,99.99893751128894,6.1,37
796,57.417362,0.052177,54.714448,55.223822,167.407809,99.99893751128894,4.7,37
797,57.417362,0.052177,54.714448,55.223822,167.407809,99.99893751128894,6.5,37
798,67.472814,0.052177,54.714448,55.223822,177.463261,99.99893751128894,3.8,37
799,67.472814,0.052177,54.714448,55.223822,177.463261,99.99893751128894,6.6,37
800,70.956257,0.052177,54.714448,55.223822,180.946704,99.99893751128894,5.6,37
801,70.956257,0.052177,54.714448,55.223822,180.946704,99.99893751128894,4.3,38
802,70.956257,0.052177,54.714448,55.223822,180.946704,99.99893751128894,6.2,38
803,70.956257,0.052177,54.714448,55.223822,180.946704,99.99893751128894,4.1,38
804,61.75546,0.052177,54.714448,55.223822,171.745907,99.99893751128894,6.7,38
805,61.75546,0.052177,54.714448,55.223822,171.745907,99.99893751128894,4.6,38
806,61.75546,0.052177,54.714448,55.223822,171.745907,99.99893751128894,5.6,38
807,71.631206,0.052177,54.714448,55.223822,181.62165299999998,99.99893751128894,5.2,38
808,71.631206,0.052177,54.714448,55.223822,181.62165299999998,99.99893751128894,5.0,38
809,71.631206,0.052177,54.714448,55.223822,181.62165299999998,99.99893751128894,6.3,38
810,60.231303,0.052177,54.714448,55.223822,170.22175,99.99893751128894,4.0,38
811,60.231303,0.045936,54.714448,55.223822,170.215509,99.99893751128894,6.6,40
812,60.231303,0.045936,54.714448,55.223822,170.215509,99.99893751128894,5.0,40
813,60.231303,0.045936,54.714448,55.223822,170.215509,99.99893751128894,5.7,40
814,60.834337,0.045936,54.714448,55.223822,170.81854299999998,99.99893751128894,6.4,40
815,60.834337,0.045936,54.714448,55.223822,170.81854299999998,99.99893751128894,5.8,40
816,60.71366,0.056375,58.722239,59.267082,178.75935600000003,99.9648233783014,5.4,40
817,64.226877,0.058069,62.38894,62.951435,189.625321,99.9688082322994,5.7,40
818,59.00496,0.046233,57.143383,57.652973,173.84754900000001,99.95946543717056,5.8,40
819,53.714497,0.049336,51.898037,52.350705,158.012575,99.99805603779063,6.5,40
820,59.264639,0.04377,57.438175,57.930904,174.677488,99.9869297085485,5.0,37
821,63.167449,0.07385,60.885639,61.259452,185.38639,100.01338779208986,5.5,37
822,69.702538,0.061894,67.193643,67.598645,204.55672,99.95469903107863,5.3,37
823,62.619679,0.06795,60.209123,60.582018,183.47877,99.99937750387504,5.8,37
824,73.079115,0.062283,70.787814,71.058067,214.987279,99.96460753070376,6.2,37
825,66.011832,0.066755,63.490576,63.932672,193.501835,99.95814752363185,5.0,37
826,63.677616,0.070817,60.580596,60.972409,185.301438,100.00334511189399,6.0,37
827,63.677616,0.070817,60.580596,60.972409,185.301438,100.00334511189399,5.1,37
828,70.180094,0.069041,66.90647,67.222546,204.37815099999997,99.949308709102,5.8,37
829,56.797048,0.059583,54.225768,54.642369,165.724768,99.98809291795486,5.3,40
830,66.173655,0.065048,63.766786,64.200528,194.20601700000003,99.99584367275774,5.7,40
831,66.173655,0.065048,63.766786,64.200528,194.20601700000003,99.99584367275774,5.0,40
832,72.691913,0.059987,63.766786,64.200528,200.71921400000002,99.99584367275774,6.1,40
833,72.691913,0.059987,56.706807,64.200528,193.65923500000002,99.99584367275774,6.2,40
834,72.691913,0.059987,56.706807,64.200528,193.65923500000002,99.99584367275774,5.5,40
835,62.810283,0.04865,60.428667,64.200528,187.48812800000002,99.99584367275774,5.6,40
836,62.810283,0.04865,60.428667,56.67547,179.96307,99.99584367275774,5.7,40
837,62.810283,0.04865,60.428667,56.67547,179.96307,99.99584367275774,5.4,40
838,62.810283,0.04865,60.428667,56.67547,179.96307,99.99584367275774,5.5,40
839,65.707534,0.04865,60.428667,56.67547,182.86032099999997,99.99584367275774,5.4,41
840,65.707534,0.04865,60.428667,56.67547,182.86032099999997,99.99584367275774,5.7,41
841,65.707534,0.04865,60.428667,56.67547,182.86032099999997,99.99584367275774,5.4,41
842,50.352217,0.04865,60.428667,56.67547,167.50500399999999,99.99584367275774,6.1,41
843,50.352217,0.04865,60.428667,56.67547,167.50500399999999,99.99584367275774,6.3,41
844,56.180059,0.052838,60.428667,56.67547,173.337034,99.99584367275774,3.9,41
845,56.180059,0.052838,53.64734,56.67547,166.55570699999998,99.99584367275774,6.0,41
846,56.180059,0.052838,53.64734,56.67547,166.55570699999998,99.99584367275774,7.7,41
847,57.922196,0.052838,53.64734,56.67547,168.297844,99.99584367275774,5.5,41
848,57.922196,0.052838,53.64734,56.67547,168.297844,99.99584367275774,6.0,38
849,57.922196,0.052838,53.64734,56.67547,168.297844,99.99584367275774,5.7,38
850,57.922196,0.052838,53.64734,56.67547,168.297844,99.99584367275774,5.7,38
851,62.286169,0.052838,53.64734,56.67547,172.66181699999999,99.99584367275774,5.7,38
852,62.286169,0.052838,53.64734,56.67547,172.66181699999999,99.99584367275774,5.1,38
853,62.349363,0.047617,60.239575,60.667165,183.30372,99.99584367275774,4.9,38
854,62.349363,0.047617,60.239575,60.667165,183.30372,99.99756855912048,6.5,38
855,62.349363,0.047617,60.239575,60.667165,183.30372,99.99756855912048,4.6,38
856,58.63162,0.053956,56.712829,57.156233,172.554638,100.00213554560457,6.2,38
857,60.793082,0.046062,58.979967,59.399563,179.218674,99.95273285239776,6.5,38
858,68.574453,0.047389,66.608172,59.399563,194.62957699999998,99.95273285239776,5.3,39
859,60.443707,0.051956,58.714941,59.000029,178.210633,99.94801104257608,5.2,39
860,56.728044,0.049516,54.620068,55.170124,166.56775199999998,99.96336742437366,6.5,39
861,55.958508,0.052639,54.018168,54.363761,164.393076,99.95556075724294,5.6,39
862,65.110776,0.065039,62.71365,63.069516,190.958981,99.99318046509228,4.9,39
863,68.505538,0.068188,66.018979,66.524971,201.11767600000002,100.00280557871051,7.0,39
864,55.700472,0.06534,53.398528,53.757127,162.921467,99.99240557679644,6.1,39
865,58.56248,0.051147,56.744526,57.074012,172.432165,99.9505239908719,5.1,39
866,58.079005,0.048735,56.331056,56.844879,171.303675,100.00675745660135,5.6,37
867,60.676674,0.041815,57.930207,58.296557,176.945253,99.96444864348443,6.2,37
868,67.833438,0.06463,65.313741,65.719791,198.9316,100.0019045362719,5.6,37
869,65.41174,0.066918,62.868327,63.248916,191.595901,99.99750156242347,4.9,37
870,64.207571,0.045215,61.641268,62.298086,188.19214,99.96068895965628,4.8,37
871,67.087308,0.059784,64.798239,65.338799,197.28412999999998,99.98592248204415,6.9,37
872,58.077457,0.054644,55.879319,56.473371,170.48479100000003,99.99598816095498,4.4,37
873,67.689163,0.076768,64.280705,64.810747,196.85738299999997,99.94948153405343,5.9,37
874,66.657697,0.072862,64.303268,64.794827,195.828654,99.95449621537044,4.9,37
875,63.071222,0.064297,60.660413,61.097691,184.893623,99.95236070584038,5.9,37
876,63.559504,0.069874,60.90118,61.534032,186.06458999999998,99.96591562140974,5.2,37
877,56.526554,0.056034,53.86801,54.402668,164.853266,99.94204310949058,5.4,37
878,53.713956,0.045306,51.831242,52.364514,157.955018,100.00077700603734,5.9,41
879,73.612725,0.052672,71.0685,71.571442,216.305339,100.00309609585514,4.4,41
880,66.732415,0.077642,64.03433,64.581732,195.42611899999997,100.00036150130683,6.0,41
881,56.584607,0.052083,54.68869,55.149661,166.475041,100.00865824958795,5.6,41
882,58.26482,0.075501,55.465289,56.044981,169.850591,99.99677460403514,4.3,41
883,67.375253,0.076835,64.089908,64.682629,196.224625,99.97929678711782,6.8,41
884,64.637292,0.050739,62.769419,63.203239,190.660689,99.99799404023956,4.5,39
885,57.914671,0.04536,56.337877,56.747686,171.045594,99.98326780013365,5.9,39
886,58.517964,0.06985,56.702115,57.051075,172.341004,100.0048562358188,6.0,39
887,60.586211,0.052772,58.591261,58.886727,178.116971,100.0035811282402,4.5,39
888,60.250127,0.045469,58.608764,58.985373,177.889733,99.96816913526564,6.4,39
889,74.300755,0.18951,71.674806,72.07505,218.24012100000002,100.01046959600966,3.9,37
890,62.376614,0.053077,60.814089,61.209994,184.453774,100.00137151881039,6.2,37
891,59.457951,0.072718,57.601032,57.930417,175.062118,99.96200444211155,6.0,37
892,66.049713,0.047751,64.590032,65.006016,195.693512,99.9861264250279,5.6,37
893,51.940666,0.057896,50.464625,50.781657,153.244844,99.9610216990038,6.5,37
894,60.997746,0.042653,59.202331,59.605659,179.848389,99.96688447001604,5.5,37
895,57.899763,0.046033,55.549759,56.010537,169.506092,99.94470509218422,7.0,37
896,54.416059,0.057815,52.578279,52.942717,159.99487,100.00561381513151,4.1,36
897,64.510874,0.073828,61.208227,61.576937,187.369866,99.93408647458396,6.4,36
898,58.095086,0.045616,61.208227,61.576937,180.92586599999998,99.93408647458396,5.1,36
899,63.712452,0.074798,61.498721,61.905922,187.191893,100.00335461253047,5.2,36
900,63.712452,0.074798,61.498721,61.905922,187.191893,100.00335461253047,6.3,36
901,58.479387,0.065077,61.498721,61.905922,181.949107,100.00335461253047,5.4,36
902,58.479387,0.065077,56.612247,61.905922,177.062633,100.00335461253047,5.5,36
903,58.479387,0.065077,56.612247,61.905922,177.062633,100.00335461253047,5.4,39
904,58.479387,0.065077,56.612247,61.905922,177.062633,100.00335461253047,5.9,39
905,62.893485,0.065077,56.612247,61.905922,181.476731,100.00335461253047,7.7,39
906,62.893485,0.065077,56.612247,61.905922,181.476731,100.00335461253047,6.2,39
907,57.674669,0.052508,56.612247,61.905922,176.245346,100.00335461253047,6.5,39
908,57.674669,0.052508,56.612247,61.905922,176.245346,100.00335461253047,5.5,38
909,57.674669,0.052508,56.612247,61.905922,176.245346,100.00335461253047,4.8,38
910,59.508199,0.052292,56.612247,61.905922,178.07866,100.00335461253047,6.5,38
911,59.508199,0.052292,56.612247,61.905922,178.07866,100.00335461253047,5.3,38
912,59.508199,0.052292,56.612247,61.905922,178.07866,100.00335461253047,4.6,38
913,59.81462,0.057059,63.164983,61.905922,184.942584,100.00335461253047,5.8,38
914,59.81462,0.057059,63.164983,63.573034,186.609696,100.00335461253047,4.6,38
915,59.81462,0.057059,63.164983,63.573034,186.609696,100.00335461253047,6.5,38
916,53.014708,0.049928,51.418577,51.84525,156.328463,99.94837566448554,3.9,42
917,53.014708,0.049928,51.418577,51.84525,156.328463,99.94837566448554,6.2,42
918,53.965579,0.049928,51.418577,51.84525,157.279334,99.94837566448554,4.7,42
919,53.965579,0.05429,55.352316,51.84525,161.217435,99.94837566448554,6.1,42
920,53.965579,0.05429,55.352316,51.84525,161.217435,99.94837566448554,4.7,42
921,53.965579,0.05429,55.352316,51.84525,161.217435,99.94837566448554,5.4,42
922,58.343412,0.05429,55.352316,51.84525,165.595268,99.94837566448554,5.5,37
923,58.343412,0.05429,55.352316,51.84525,165.595268,99.94837566448554,4.5,37
924,58.343412,0.05429,55.352316,51.84525,165.595268,99.94837566448554,6.4,37
925,63.352202,0.05429,55.352316,51.84525,170.604058,99.94837566448554,3.8,37
926,63.352202,0.05429,55.352316,51.84525,170.604058,99.94837566448554,6.9,37
927,56.092473,0.05429,55.352316,51.84525,163.344329,99.94837566448554,5.1,37
928,56.092473,0.05429,55.352316,51.84525,163.344329,99.94837566448554,4.7,39
929,56.092473,0.05429,55.352316,51.84525,163.344329,99.94837566448554,6.6,39
930,54.61606,0.051,52.923567,51.84525,159.435877,99.94837566448554,3.9,39
931,54.61606,0.051,52.923567,51.84525,159.435877,99.94837566448554,6.3,39
932,54.61606,0.051,52.923567,51.84525,159.435877,99.94837566448554,3.7,39
933,55.316533,0.051,52.923567,51.84525,160.13635,99.94837566448554,6.3,39
934,55.316533,0.046542,52.923567,51.84525,160.131892,99.94837566448554,5.1,39
935,55.316533,0.046542,52.923567,51.84525,160.131892,99.94837566448554,4.8,41
936,55.316533,0.046542,52.923567,51.84525,160.131892,99.94837566448554,6.4,41
937,64.839792,0.053007,52.923567,51.84525,169.66161599999998,99.94837566448554,3.9,41
938,64.839792,0.053007,52.923567,51.84525,169.66161599999998,99.94837566448554,6.9,41
939,64.839792,0.053007,52.923567,51.84525,169.66161599999998,99.94837566448554,4.6,41
940,59.500321,0.045632,55.781748,51.84525,167.17295099999998,99.94837566448554,6.0,41
941,59.500321,0.045632,55.781748,51.84525,167.17295099999998,99.94837566448554,5.9,41
942,59.500321,0.045632,55.781748,51.84525,167.17295099999998,99.94837566448554,4.9,41
943,58.952753,0.052714,56.514889,56.866247,172.38660299999998,99.96159125798299,6.6,41
944,51.468194,0.047939,49.644939,49.962248,151.12331999999998,99.95395021559618,3.9,33
945,50.946237,0.045306,49.122506,49.505514,149.619563,99.97020038281889,6.6,33
946,53.569558,0.049316,51.718195,52.096415,157.433484,99.96159325644697,4.7,33
947,60.487467,0.051927,58.624242,58.997584,178.16122000000001,100.00736304210398,5.6,33
948,61.515219,0.084369,59.691365,60.063053,181.354006,100.0051807683897,5.3,33
949,66.893188,0.070707,64.142344,64.543376,195.64961499999998,100.00053100281963,5.2,33
950,65.055781,0.048641,62.725708,63.086743,190.916873,99.99385537758705,6.6,33
951,69.587584,0.059898,67.233773,67.700497,204.581752,99.962073889356,3.9,33
952,68.818209,0.069226,66.375687,66.76877,202.03189200000003,100.00413367086529,6.4,33
953,66.069486,0.052698,63.643765,63.904912,193.670861,99.96654069899535,4.0,39
954,59.695284,0.060282,57.531265,57.951206,175.23803700000002,99.976937320099,6.0,39
955,66.922264,0.065224,64.574265,64.933911,196.495664,99.98821688858077,6.3,39
956,66.922264,0.065224,64.574265,64.933911,196.495664,99.98821688858077,4.1,39
957,76.849661,0.065224,64.574265,64.933911,206.423061,99.98821688858077,6.2,39
958,76.849661,0.065224,64.574265,64.933911,206.423061,99.98821688858077,4.1,39
959,76.849661,0.065224,64.574265,64.933911,206.423061,99.98821688858077,6.1,39
960,76.849661,0.065224,64.574265,64.933911,206.423061,99.98821688858077,5.4,39
961,55.279696,0.065224,64.574265,64.933911,184.853096,99.98821688858077,5.5,39
962,55.279696,0.065224,64.574265,64.933911,184.853096,99.98821688858077,6.0,39
963,58.051642,0.055113,64.574265,64.933911,187.61493099999998,99.98821688858077,5.2,38
964,58.051642,0.055113,55.232535,64.933911,178.273201,99.98821688858077,6.2,38
965,58.051642,0.055113,55.232535,64.933911,178.273201,99.98821688858077,3.9,38
966,58.051642,0.055113,55.232535,64.933911,178.273201,99.98821688858077,6.5,38
967,62.713539,0.055113,55.232535,64.933911,182.93509799999998,99.98821688858077,4.9,38
968,62.713539,0.055113,55.232535,64.933911,182.93509799999998,99.98821688858077,5.9,38
969,55.533324,0.043488,53.829966,54.303532,163.71031,99.98821688858077,5.6,38
970,55.533324,0.043488,53.829966,54.303532,163.71031,99.97265148146073,4.5,36
971,55.533324,0.043488,53.829966,54.303532,163.71031,99.97265148146073,7.1,36
972,57.826796,0.043488,53.829966,54.303532,166.003782,99.97265148146073,4.0,36
973,57.826796,0.066949,53.829966,54.303532,166.027243,99.97265148146073,6.9,36
974,57.826796,0.066949,53.829966,54.303532,166.027243,99.97265148146073,4.9,36
975,57.363021,0.066949,53.829966,54.303532,165.563468,99.97265148146073,5.3,40
976,57.363021,0.066949,53.829966,54.303532,165.563468,99.97265148146073,5.8,40
977,66.895615,0.066949,53.829966,54.303532,175.096062,99.97265148146073,5.3,40
978,66.895615,0.058535,53.829966,54.303532,175.087648,99.97265148146073,6.2,40
979,66.895615,0.058535,53.829966,54.303532,175.087648,99.97265148146073,3.9,40
980,58.517924,0.058535,53.829966,54.303532,166.709957,99.97265148146073,6.1,40
981,58.517924,0.058809,53.829966,54.303532,166.710231,99.97265148146073,4.0,40
982,58.517924,0.058809,53.829966,54.303532,166.710231,99.97265148146073,7.0,40
983,57.64503,0.059351,53.829966,54.303532,165.837879,99.97265148146073,5.3,37
984,57.64503,0.059351,57.570449,54.303532,169.578362,99.97265148146073,5.7,37
985,57.64503,0.059351,57.570449,54.303532,169.578362,99.97265148146073,4.9,37
986,57.64503,0.059351,57.570449,54.303532,169.578362,99.97265148146073,5.9,37
987,60.298429,0.059351,57.570449,54.303532,172.231761,99.97265148146073,5.7,37
988,60.298429,0.059351,57.570449,54.303532,172.231761,99.97265148146073,5.4,37
989,60.298429,0.059351,57.570449,54.303532,172.231761,99.97265148146073,6.1,37
990,59.75339,0.059351,57.570449,54.303532,171.686722,99.97265148146073,4.2,37
991,59.75339,0.04888,57.570449,54.303532,171.676251,99.97265148146073,6.4,37
992,59.75339,0.04888,57.570449,54.303532,171.676251,99.97265148146073,4.4,37
993,59.75339,0.04888,57.570449,54.303532,171.676251,99.97265148146073,5.7,41
994,57.041786,0.047439,57.570449,54.303532,168.96320599999999,99.97265148146073,5.9,41
995,57.041786,0.047439,57.570449,54.303532,168.96320599999999,99.97265148146073,4.9,41
996,57.041786,0.047439,57.570449,54.303532,168.96320599999999,99.97265148146073,6.2,41
997,55.778291,0.046652,57.570449,54.303532,167.698924,99.97265148146073,4.5,41
998,55.778291,0.046652,57.570449,54.303532,167.698924,99.97265148146073,6.2,41
999,55.778291,0.046652,57.570449,54.303532,167.698924,99.97265148146073,3.9,41
1000,61.069265,0.046652,57.570449,54.303532,172.989898,99.97265148146073,6.9,41
1001,61.069265,0.046652,57.570449,54.303532,172.989898,99.97265148146073,3.6,41
1002,61.069265,0.046652,57.570449,54.303532,172.989898,99.97265148146073,6.0,40
1003,54.671189,0.049735,57.570449,54.303532,166.59490499999998,99.97265148146073,5.7,40
1004,54.671189,0.049735,57.570449,54.303532,166.59490499999998,99.97265148146073,5.4,40
1005,54.671189,0.049735,57.570449,54.303532,166.59490499999998,99.97265148146073,6.4,40
1006,62.714247,0.04591,57.570449,54.303532,174.634138,99.97265148146073,3.8,40
1007,62.714247,0.04591,57.570449,54.303532,174.634138,99.97265148146073,7.4,40
1008,62.714247,0.04591,57.570449,54.303532,174.634138,99.97265148146073,3.7,40
1009,60.409506,0.04591,57.570449,54.303532,172.329397,99.97265148146073,6.9,40
1010,60.409506,0.04591,57.570449,54.303532,172.329397,99.97265148146073,3.7,40
1011,60.409506,0.04591,57.570449,54.303532,172.329397,99.97265148146073,6.5,38
1012,60.376451,0.04591,57.570449,54.303532,172.296342,99.97265148146073,5.7,38
1013,60.376451,0.04591,57.570449,54.303532,172.296342,99.97265148146073,4.8,38
1014,60.376451,0.04591,57.570449,54.303532,172.296342,99.97265148146073,6.6,38
1015,57.039939,0.04591,57.570449,54.303532,168.95982999999998,99.97265148146073,4.1,38
1016,57.039939,0.04591,57.570449,54.303532,168.95982999999998,99.97265148146073,6.6,38
1017,57.039939,0.04591,57.570449,54.303532,168.95982999999998,99.97265148146073,4.3,38
1018,56.033765,0.04591,57.570449,54.303532,167.953656,99.97265148146073,6.7,38
1019,56.033765,0.047891,57.570449,54.303532,167.955637,99.97265148146073,4.8,38
1020,56.033765,0.047891,57.570449,54.303532,167.955637,99.97265148146073,5.5,38
1021,56.033765,0.047891,57.570449,54.303532,167.955637,99.97265148146073,5.4,37
1022,59.231623,0.044145,57.570449,54.303532,171.14974899999999,99.97265148146073,5.0,37
1023,58.088983,0.052386,56.182159,56.701138,171.024666,99.94401885643803,5.3,37
1024,57.019128,0.048659,54.991319,55.643066,167.702172,99.96512716538835,5.0,37
1025,56.584552,0.050145,54.409837,55.128075,166.172609,99.9640034621733,6.3,37
1026,59.984719,0.054055,58.097891,58.64725,176.78391499999998,99.94126901355784,4.2,37
1027,55.214931,0.051916,52.862179,53.40989,161.538916,99.97970412006363,6.0,37
1028,62.712026,0.077639,59.956707,60.475183,183.22155500000002,100.00318860166857,4.0,37
1029,63.241679,0.076813,60.564321,61.088415,184.971228,99.96015937907707,6.6,37
1030,59.183331,0.052903,56.459145,57.127215,172.822594,100.00673995423921,4.6,37
1031,59.262853,0.052903,56.459145,57.127215,172.902116,100.00673995423921,5.4,37
1032,59.262853,0.052903,56.459145,57.127215,172.902116,100.00673995423921,6.0,37
1033,62.30268,0.061589,60.607105,60.991885,183.963259,99.9574381228473,4.5,37
1034,62.30268,0.061589,60.607105,60.991885,183.963259,99.9574381228473,5.9,37
1035,62.30268,0.061589,60.607105,60.991885,183.963259,99.9574381228473,4.6,37
1036,67.037851,0.070888,64.811132,65.13373,197.05360100000001,99.9574381228473,5.6,37
1037,67.037851,0.070888,64.811132,65.13373,197.05360100000001,99.96345186254727,5.6,37
1038,67.037851,0.070888,64.811132,65.13373,197.05360100000001,99.96345186254727,4.0,37
1039,67.037851,0.070888,64.811132,65.13373,197.05360100000001,99.96345186254727,7.0,38
1040,59.274633,0.070888,64.811132,65.13373,189.29038300000002,99.96345186254727,3.7,38
1041,59.274633,0.070888,64.811132,65.13373,189.29038300000002,99.96345186254727,6.5,38
1042,61.683569,0.047936,64.811132,65.13373,191.676367,99.96345186254727,4.7,38
1043,61.683569,0.047936,64.811132,65.13373,191.676367,99.96345186254727,5.6,38
1044,61.683569,0.047936,58.111109,65.13373,184.97634399999998,99.96345186254727,5.6,38
1045,61.683569,0.047936,58.111109,65.13373,184.97634399999998,99.96345186254727,4.0,38
1046,59.800879,0.052044,57.655124,65.13373,182.641777,99.96345186254727,6.4,38
1047,59.800879,0.052044,57.655124,65.13373,182.641777,99.96345186254727,4.7,38
1048,59.800879,0.052044,57.655124,65.13373,182.641777,99.96345186254727,5.8,38
1049,60.254303,0.050736,57.655124,65.13373,183.09389299999998,99.96345186254727,5.5,36
1050,60.254303,0.050736,57.655124,65.13373,183.09389299999998,99.96345186254727,5.6,36
1051,60.254303,0.050736,57.655124,65.13373,183.09389299999998,99.96345186254727,6.1,36
1052,56.865666,0.054726,57.655124,65.13373,179.709246,99.96345186254727,4.3,36
1053,56.865666,0.054726,57.655124,65.13373,179.709246,99.96345186254727,6.5,36
1054,56.865666,0.054726,57.655124,65.13373,179.709246,99.96345186254727,3.9,36
1055,64.447315,0.059649,57.655124,65.13373,187.295818,99.96345186254727,6.0,36
1056,64.447315,0.059649,57.655124,65.13373,187.295818,99.96345186254727,5.6,36
1057,64.447315,0.059649,57.655124,65.13373,187.295818,99.96345186254727,5.6,36
1058,59.280884,0.051411,57.241471,61.870315,178.444081,99.96345186254727,6.2,38
1059,59.280884,0.051411,57.241471,61.870315,178.444081,99.96345186254727,3.5,38
1060,59.280884,0.051411,57.241471,61.870315,178.444081,99.96345186254727,6.7,38
1061,63.744923,0.051411,57.241471,61.870315,182.90812,99.96345186254727,3.9,38
1062,63.744923,0.051411,57.241471,61.870315,182.90812,99.96345186254727,6.8,38
1063,63.744923,0.051411,57.241471,61.870315,182.90812,99.96345186254727,4.8,38
1064,57.564663,0.056291,55.746726,56.076787,169.444467,99.96150482449208,5.2,38
1065,57.564663,0.056291,55.746726,56.076787,169.444467,99.96150482449208,7.0,38
1066,57.005585,0.072847,55.065867,55.479818,167.624117,99.95699750010549,3.9,38
1067,60.891319,0.050349,58.678747,59.159942,178.780357,99.96353330305105,6.5,41
1068,60.891319,0.050349,58.678747,59.159942,178.780357,99.96353330305105,4.3,41
1069,58.736487,0.053561,56.386699,57.060869,172.237616,99.94159363297292,7.2,41
1070,58.736487,0.053561,56.386699,57.060869,172.237616,99.94159363297292,4.8,41
1071,75.391018,0.053561,56.386699,57.060869,188.892147,99.94159363297292,5.2,41
1072,75.391018,0.053561,56.386699,57.060869,188.892147,99.94159363297292,5.9,41
1073,75.391018,0.053561,56.386699,57.060869,188.892147,99.94159363297292,4.3,41
1074,56.968359,0.058207,68.14633,57.060869,182.233765,99.94159363297292,6.9,41
1075,56.968359,0.058207,68.14633,57.060869,182.233765,99.94159363297292,3.7,41
1076,56.968359,0.058207,68.14633,57.060869,182.233765,99.94159363297292,6.8,41
1077,56.968359,0.058207,68.14633,57.060869,182.233765,99.94159363297292,3.6,38
1078,61.17972,0.058207,68.14633,57.060869,186.44512600000002,99.94159363297292,7.0,38
1079,61.17972,0.058207,68.14633,57.060869,186.44512600000002,99.94159363297292,5.7,38
1080,56.226682,0.058207,68.14633,57.060869,181.492088,99.94159363297292,5.0,38
1081,56.226682,0.056887,68.14633,57.060869,181.490768,99.94159363297292,6.8,38
1082,56.226682,0.056887,68.14633,57.060869,181.490768,99.94159363297292,3.7,38
1083,56.226682,0.056887,68.14633,57.060869,181.490768,99.94159363297292,7.0,38
1084,57.468796,0.056887,68.14633,57.060869,182.73288200000002,99.94159363297292,4.0,38
1085,57.468796,0.056887,68.14633,57.060869,182.73288200000002,99.94159363297292,6.8,38
1086,57.468796,0.056887,68.14633,57.060869,182.73288200000002,99.94159363297292,4.0,35
1087,58.730064,0.049926,68.14633,57.060869,183.987189,99.94159363297292,6.2,35
1088,58.730064,0.049926,55.286394,57.060869,171.127253,99.94159363297292,5.2,35
1089,58.730064,0.049926,55.286394,57.060869,171.127253,99.94159363297292,5.3,35
1090,58.730064,0.049926,55.286394,57.060869,171.127253,99.94159363297292,5.7,35
1091,60.052977,0.049926,55.286394,57.060869,172.450166,99.94159363297292,4.7,35
1092,60.052977,0.049926,55.286394,57.060869,172.450166,99.94159363297292,6.8,35
1093,54.275474,0.049552,52.376578,52.696979,159.398583,99.94159363297292,4.1,35
1094,54.275474,0.049552,52.376578,52.696979,159.398583,99.95732421999752,6.5,35
1095,54.275474,0.049552,52.376578,52.696979,159.398583,99.95732421999752,3.9,35
1096,54.275474,0.049552,52.376578,52.696979,159.398583,99.95732421999752,6.0,38
1097,58.826061,0.049552,52.376578,52.696979,163.94917,99.95732421999752,5.4,38
1098,58.826061,0.049552,52.376578,52.696979,163.94917,99.95732421999752,4.9,38
1099,58.826061,0.049552,52.376578,52.696979,163.94917,99.95732421999752,5.6,38
1100,57.525797,0.049552,52.376578,52.696979,162.648906,99.95732421999752,5.3,38
1101,57.525797,0.049552,52.376578,52.696979,162.648906,99.95732421999752,5.9,38
1102,55.614245,0.049552,52.376578,52.696979,160.73735399999998,99.95732421999752,3.7,38
1103,55.614245,0.049552,52.376578,52.696979,160.73735399999998,99.95732421999752,6.2,38
1104,55.614245,0.054524,52.376578,52.696979,160.742326,99.95732421999752,5.8,38
1105,55.614245,0.054524,52.376578,52.696979,160.742326,99.95732421999752,4.9,29
1106,69.031888,0.05339,66.881712,67.589074,203.556064,100.01046959600966,6.3,29
1107,56.311406,0.052014,54.423083,54.774779,165.561282,100.01010702141559,4.4,29
1108,59.949732,0.052345,57.898607,58.458458,176.359142,99.96191251209464,6.7,29
1109,60.724892,0.052187,58.210887,58.689614,177.67758,99.99392186945917,3.7,29
1110,56.92513,0.080405,54.339041,54.812726,166.15730200000002,99.99026694741534,6.2,29
1111,66.752368,0.06583,64.059328,64.647781,195.525307,100.00283708048798,4.7,29
1112,69.782696,0.063446,67.085738,67.709162,204.64104200000003,99.95941547772189,5.4,29
1113,56.207839,0.051346,54.475953,55.066657,165.801795,99.9531734375421,5.9,29
1114,59.618059,0.062954,57.387957,57.911928,174.98089800000002,99.98099061425452,5.1,38
1115,66.15707,0.081473,63.357284,64.15703,193.752857,100.00656293069233,6.6,38
1116,72.390182,0.074227,69.674336,70.337652,212.47639699999996,99.97156458802641,3.8,38
1117,69.598248,0.076375,66.936954,67.562268,204.17384500000003,100.00145602119967,7.0,38
1118,59.402908,0.048764,56.526423,57.078331,173.056426,100.00044600198916,3.8,38
1119,66.038366,0.066766,63.188919,63.744629,193.03868,99.97555597656374,7.2,38
1120,63.796304,0.044578,61.976952,62.467266,188.2851,99.94629835416282,5.0,38
1121,62.464658,0.057357,60.204978,60.742024,183.469017,100.00196303853444,5.5,38
1122,68.274857,0.04016,65.771996,66.339732,200.426745,99.96128799199934,5.4,38
1123,64.166192,0.07351,62.406498,62.962382,189.60858199999998,100.00797213549879,4.8,37
1124,53.815129,0.071359,59.387375,59.845609,173.119472,99.99316796679867,6.7,37
1125,66.992469,0.069044,64.550915,65.062925,196.67535300000003,99.96638630260574,3.9,37
1126,59.866119,0.065357,57.714752,58.250143,175.896371,99.94981369929438,6.5,37
1127,63.068282,0.073878,60.576846,61.168966,184.887972,99.96118707028435,3.9,37
1128,62.344325,0.067546,58.067503,61.016251,181.49562500000002,99.96108464994036,7.0,37
1129,73.764573,0.070882,70.625075,71.146488,215.607018,99.99734657040875,4.3,37
1130,74.820081,0.074695,72.157384,72.758685,219.81084500000003,99.99637263158279,5.7,37
1131,63.566514,0.065588,61.347641,61.791334,186.771077,100.01184040178516,5.4,37
1132,59.567027,0.063218,57.509393,58.015078,175.154716,100.00066050436263,5.3,37
1133,56.571457,0.059041,54.358816,54.840323,165.829637,99.958886909814,5.7,37
1134,69.609606,0.059487,66.29721,66.811471,202.77777400000002,99.9974290660987,4.9,37
1135,65.664616,0.06009,62.900672,63.391009,192.016387,100.00298258895572,5.9,37
1136,74.622774,0.079245,72.160528,72.602342,219.464889,99.96862934426862,4.2,37
1137,69.2235,0.086022,66.749823,67.13895,203.198295,100.01024855022018,6.7,37
1138,65.075244,0.071375,62.484223,62.90946,190.540302,99.95822895549293,4.0,37
1139,65.620512,0.073083,63.199985,63.57026,192.46383999999998,99.99129975700815,6.5,37
1140,60.560925,0.049919,58.265294,58.807358,177.683496,99.99111928874036,3.9,37
1141,52.626528,0.072515,50.060164,50.613621,153.372828,99.99159170705335,6.7,37
1142,54.240458,0.052743,52.450569,52.926538,159.670308,99.99628363811858,5.2,35
1143,59.041355,0.059607,56.4591,56.895365,172.455427,99.95834835582362,5.3,35
1144,59.040991,0.064388,56.311753,56.835571,172.252703,99.93150195198702,5.7,35
1145,60.99323,0.061759,58.278555,58.945051,178.278595,99.9901044793102,4.8,35
1146,64.081699,0.064341,61.429213,61.998531,187.573784,100.001856034448,6.7,35
1147,65.520926,0.075116,63.17833,63.702974,192.477346,100.00138301912716,4.0,35
1148,56.30373,0.06465,53.909909,54.500829,164.779118,99.9684049856043,5.8,35
1149,61.619431,0.057934,59.091763,59.567719,180.33684699999998,99.95828191125294,4.5,35
1150,65.315221,0.080772,63.565369,63.989333,192.950695,99.96225475241675,5.7,35
1151,60.228131,0.049201,58.083252,58.620408,176.980992,100.00020800043264,5.2,38
1152,68.989281,0.065914,66.55191,66.972546,202.579651,99.9603767062774,5.4,38
1153,58.6,0.054667,56.46528,56.970493,172.09044,99.95402664521467,6.8,38
1154,60.724329,0.048479,58.453791,58.845092,178.071691,99.95015335926743,4.2,38
1155,59.209626,0.05733,57.27775,57.759148,174.303854,99.9679402815517,6.6,38
1156,69.671103,0.078377,66.684422,67.115749,203.54965099999998,100.01700038964123,3.7,38
1157,59.451028,0.044435,57.624734,58.090128,175.21032499999998,99.95377687565274,7.0,38
1158,70.11783,0.073839,67.579003,68.002794,205.77346599999998,99.67688491792792,5.2,38
1159,57.242807,0.069788,54.857811,55.370052,167.540458,100.0029300858515,5.5,38
1160,56.063459,0.071863,53.325917,53.810944,163.272183,99.96352730742662,5.1,38
1161,61.27493,0.065577,58.664112,59.094313,179.098932,99.98657880152747,4.9,39
1162,67.075136,0.063055,64.914312,65.306179,197.358682,100.00276707656501,5.5,39
1163,56.269835,0.071262,53.746488,54.146853,164.23443799999998,100.00504675468447,4.8,39
1164,70.221705,0.062208,66.843648,67.443256,204.57081700000003,99.95676769840276,6.9,39
1165,67.619055,0.060086,65.022721,65.629148,198.33101,99.99512973720614,3.8,39
1166,60.811555,0.042281,58.174806,58.749647,177.778289,100.00128451649961,6.7,39
1167,60.573501,0.052823,58.507102,58.910181,178.043607,99.95275433208232,4.7,39
1168,60.273264,0.074445,57.925925,58.360579,176.634213,100.00511976210622,5.7,39
1169,68.249883,0.05717,65.786783,66.270862,200.364698,99.99150822116431,5.0,39
1170,59.676613,0.045581,57.953863,58.347425,176.023482,99.97202083053016,5.0,40
1171,57.561161,0.070731,55.310357,55.862619,168.804868,99.97262149787659,6.8,40
1172,57.561161,0.070731,55.310357,55.862619,168.804868,99.97262149787659,4.5,40
1173,62.932269,0.059638,55.310357,55.862619,174.164883,99.97262149787659,5.9,40
1174,62.932269,0.059638,59.333896,55.862619,178.188422,99.97262149787659,5.6,40
1175,62.932269,0.059638,59.333896,55.862619,178.188422,99.97262149787659,4.5,40
1176,62.932269,0.059638,59.333896,55.862619,178.188422,99.97262149787659,6.9,40
1177,58.5762,0.059638,59.333896,55.862619,173.832353,99.97262149787659,3.8,40
1178,58.5762,0.059638,59.333896,55.862619,173.832353,99.97262149787659,6.8,40
1179,64.554661,0.059638,59.333896,55.862619,179.810814,99.97262149787659,4.1,40
1180,64.554661,0.052163,59.333896,55.862619,179.803339,99.97262149787659,6.9,39
1181,64.554661,0.052163,59.333896,55.862619,179.803339,99.97262149787659,6.1,39
1182,64.554661,0.052163,59.333896,55.862619,179.803339,99.97262149787659,4.0,39
1183,66.198575,0.052163,59.333896,55.862619,181.447253,99.97262149787659,6.2,39
1184,66.198575,0.052163,59.333896,55.862619,181.447253,99.97262149787659,4.0,39
1185,66.198575,0.052163,59.333896,55.862619,181.447253,99.97262149787659,6.7,39
1186,57.147093,0.052163,59.333896,55.862619,172.395771,99.97262149787659,5.6,39
1187,57.147093,0.052163,59.333896,55.862619,172.395771,99.97262149787659,4.0,39
1188,57.147093,0.052163,59.333896,55.862619,172.395771,99.97262149787659,6.4,39
1189,56.871223,0.052163,59.333896,55.862619,172.119901,99.97262149787659,4.2,41
1190,56.871223,0.052163,59.333896,55.862619,172.119901,99.97262149787659,6.5,41
1191,59.623928,0.052163,59.333896,55.862619,174.872606,99.97262149787659,3.8,41
1192,59.623928,0.058345,59.333896,55.862619,174.87878800000001,99.97262149787659,6.8,41
1193,59.623928,0.058345,59.333896,55.862619,174.87878800000001,99.97262149787659,5.3,41
1194,59.623928,0.058345,59.333896,55.862619,174.87878800000001,99.97262149787659,5.6,41
1195,57.949085,0.058345,59.333896,55.862619,173.203945,99.97262149787659,5.7,41
1196,57.949085,0.058345,59.333896,55.862619,173.203945,99.97262149787659,4.6,41
1197,57.949085,0.058345,59.333896,55.862619,173.203945,99.97262149787659,6.6,41
1198,52.552172,0.060612,57.765233,55.862619,166.240636,99.97262149787659,3.8,41
1199,52.552172,0.060612,57.765233,55.862619,166.240636,99.97262149787659,6.6,41
1200,52.552172,0.060612,57.765233,55.862619,166.240636,99.97262149787659,4.1,41
1201,59.489638,0.060612,57.765233,55.862619,173.178102,99.97262149787659,5.6,41
1202,59.489638,0.060612,57.765233,55.862619,173.178102,99.97262149787659,5.7,41
1203,59.489638,0.060612,57.765233,55.862619,173.178102,99.97262149787659,4.6,41
1204,57.68608,0.060612,57.765233,55.862619,171.374544,99.97262149787659,6.5,41
1205,57.68608,0.060612,57.765233,55.862619,171.374544,99.97262149787659,4.1,41
1206,57.68608,0.060612,57.765233,55.862619,171.374544,99.97262149787659,5.8,41
1207,57.758728,0.060612,57.765233,55.862619,171.447192,99.97262149787659,5.3,36
1208,57.758728,0.060612,57.765233,55.862619,171.447192,99.97262149787659,6.0,36
1209,63.125393,0.050419,57.765233,55.862619,176.803664,99.97262149787659,5.4,36
1210,63.125393,0.050419,56.832294,55.862619,175.870725,99.97262149787659,4.8,36
1211,63.125393,0.050419,56.832294,55.862619,175.870725,99.97262149787659,6.6,36
1212,62.422933,0.051488,59.841023,55.862619,178.178063,99.97262149787659,4.0,36
1213,62.422933,0.051488,59.841023,49.290548,171.60599200000001,99.97262149787659,6.1,36
1214,62.422933,0.051488,59.841023,49.290548,171.60599200000001,99.97262149787659,5.0,36
1215,62.422933,0.051488,59.841023,49.290548,171.60599200000001,99.97262149787659,5.5,36
1216,57.909728,0.048998,55.996621,57.817808,171.77315499999997,99.97262149787659,6.0,36
1217,57.909728,0.048998,55.996621,57.817808,171.77315499999997,99.97262149787659,5.5,38
1218,57.909728,0.048998,55.996621,57.817808,171.77315499999997,99.97262149787659,6.1,38
1219,57.449486,0.055093,52.774763,57.817808,168.09715,99.97262149787659,4.1,38
1220,57.449486,0.055093,52.774763,57.817808,168.09715,99.97262149787659,6.5,38
1221,57.595639,0.054136,54.337564,54.990935,166.978274,99.96124352646613,3.9,38
1222,57.595639,0.054136,54.337564,54.990935,166.978274,99.96124352646613,6.0,38
1223,57.595639,0.054136,54.337564,54.990935,166.978274,99.96124352646613,4.4,38
1224,57.692528,0.054136,54.337564,54.990935,167.075163,99.96124352646613,5.4,38
1225,57.692528,0.054136,54.337564,54.990935,167.075163,99.96124352646613,5.6,38
1226,57.692528,0.054136,54.337564,54.990935,167.075163,99.96124352646613,5.2,39
1227,57.692528,0.054136,54.337564,54.990935,167.075163,99.96124352646613,6.4,39
1228,58.678884,0.054136,54.337564,54.990935,168.061519,99.96124352646613,3.8,39
1229,58.678884,0.054136,54.337564,54.990935,168.061519,99.96124352646613,6.7,39
1230,58.678884,0.054136,54.337564,54.990935,168.061519,99.96124352646613,4.4,39
1231,56.633647,0.054136,54.337564,54.990935,166.01628200000002,99.96124352646613,6.1,39
1232,56.633647,0.054136,54.337564,54.990935,166.01628200000002,99.96124352646613,4.8,39
1233,58.267921,0.047899,54.337564,54.990935,167.644319,99.96124352646613,5.0,39
1234,58.267921,0.047899,54.337564,54.990935,167.644319,99.96124352646613,5.8,39
1235,58.267921,0.047899,54.337564,54.990935,167.644319,99.96124352646613,5.0,39
1236,57.922855,0.047899,54.337564,54.990935,167.299253,99.96124352646613,6.2,38
1237,57.922855,0.044095,54.337564,54.990935,167.295449,99.96124352646613,4.2,38
1238,57.922855,0.044095,54.337564,54.990935,167.295449,99.96124352646613,6.7,38
1239,56.994693,0.049906,54.337564,54.990935,166.373098,99.96124352646613,4.2,38
1240,56.994693,0.049906,53.396321,54.990935,165.431855,99.96124352646613,6.9,38
1241,56.994693,0.049906,53.396321,54.990935,165.431855,99.96124352646613,3.9,38
1242,58.403798,0.047333,56.382474,54.990935,169.82454,99.96124352646613,7.0,38
1243,58.403798,0.047333,56.382474,54.990935,169.82454,99.96124352646613,3.9,38
1244,58.403798,0.047333,56.382474,54.990935,169.82454,99.96124352646613,6.6,38
1245,61.318988,0.051732,56.382474,54.990935,172.74412900000002,99.96124352646613,5.0,41
1246,61.318988,0.051732,56.820149,54.990935,173.181804,99.96124352646613,5.6,41
1247,61.318988,0.051732,56.820149,54.990935,173.181804,99.96124352646613,5.8,41
1248,61.318988,0.051732,56.820149,54.990935,173.181804,99.96124352646613,5.5,41
1249,51.595793,0.051732,56.820149,54.990935,163.458609,99.96124352646613,6.1,41
1250,51.595793,0.051732,56.820149,54.990935,163.458609,99.96124352646613,3.5,41
1251,58.823065,0.058194,56.614852,54.990935,170.487046,99.96124352646613,7.4,41
1252,58.823065,0.058194,56.614852,57.230071,172.726182,99.96124352646613,4.6,41
1253,58.823065,0.058194,56.614852,57.230071,172.726182,99.96124352646613,7.8,41
1254,61.696085,0.058194,56.614852,57.230071,175.599202,99.96124352646613,4.1,39
1255,61.696085,0.045194,56.614852,57.230071,175.58620200000001,99.96124352646613,7.2,39
1256,61.696085,0.045194,56.614852,57.230071,175.58620200000001,99.96124352646613,5.2,39
1257,59.579993,0.045194,56.614852,57.230071,173.47011,99.96124352646613,5.3,39
1258,59.579993,0.045415,56.614852,57.230071,173.47033100000002,99.96124352646613,6.1,39
1259,59.579993,0.045415,56.614852,57.230071,173.47033100000002,99.96124352646613,5.4,39
1260,59.382416,0.0521,57.482174,57.230071,174.146761,99.96124352646613,5.5,39
1261,59.382416,0.0521,57.482174,63.545491,180.462181,99.96124352646613,6.1,39
1262,59.382416,0.0521,57.482174,63.545491,180.462181,99.96124352646613,4.8,39
1263,59.382416,0.0521,57.482174,63.545491,180.462181,99.96124352646613,6.5,40
1264,57.333888,0.0521,57.482174,63.545491,178.413653,99.96124352646613,4.1,40
1265,57.333888,0.0521,57.482174,63.545491,178.413653,99.96124352646613,5.9,40
1266,54.8155,0.0521,57.482174,63.545491,175.895265,99.96124352646613,5.1,40
1267,54.8155,0.053175,57.482174,63.545491,175.89634,99.96124352646613,5.4,40
1268,54.8155,0.053175,57.482174,63.545491,175.89634,99.96124352646613,5.5,40
1269,54.8155,0.053175,57.482174,63.545491,175.89634,99.96124352646613,4.9,40
1270,59.81713,0.053175,57.482174,63.545491,180.89797,99.96124352646613,6.2,40
1271,59.81713,0.053175,57.482174,63.545491,180.89797,99.96124352646613,4.2,40
1272,59.81713,0.053175,57.482174,63.545491,180.89797,99.96124352646613,6.4,40
1273,58.782696,0.055752,57.256143,63.545491,179.640082,99.96124352646613,4.9,37
1274,58.782696,0.055752,57.256143,63.545491,179.640082,99.96124352646613,5.5,37
1275,58.782696,0.055752,57.256143,63.545491,179.640082,99.96124352646613,5.9,37
1276,57.758728,0.057637,57.256143,63.545491,178.617999,99.96124352646613,4.0,37
1277,57.758728,0.057637,57.256143,63.545491,178.617999,99.96124352646613,6.3,37
1278,57.758728,0.057637,57.256143,63.545491,178.617999,99.96124352646613,4.6,37
1279,59.023832,0.057637,57.256143,63.545491,179.883103,99.96124352646613,6.2,37
1280,59.023832,0.057637,57.256143,63.545491,179.883103,99.96124352646613,4.7,37
1281,59.023832,0.057637,57.256143,63.545491,179.883103,99.96124352646613,5.5,37
1282,61.703469,0.057637,57.256143,63.545491,182.56274,99.96124352646613,5.5,41
1283,61.703469,0.057637,57.256143,63.545491,182.56274,99.96124352646613,4.8,41
1284,56.599669,0.057637,57.256143,63.545491,177.45893999999998,99.96124352646613,6.8,41
1285,56.599669,0.051794,54.489614,56.399245,167.540322,99.96124352646613,3.6,41
1286,56.599669,0.051794,54.489614,56.399245,167.540322,99.96124352646613,6.8,41
1287,56.599669,0.051794,54.489614,56.399245,167.540322,99.96124352646613,3.8,41
1288,57.354367,0.051794,54.489614,56.399245,168.29502000000002,99.96124352646613,6.5,41
1289,57.354367,0.051794,54.489614,56.399245,168.29502000000002,99.96124352646613,4.9,41
1290,57.354367,0.051794,54.489614,56.399245,168.29502000000002,99.96124352646613,5.5,41
1291,57.354367,0.051794,54.489614,56.399245,168.29502000000002,99.96124352646613,6.2,41
1292,59.314955,0.051794,54.489614,56.399245,170.255608,99.96124352646613,3.9,38
1293,59.314955,0.051794,54.489614,56.399245,170.255608,99.96124352646613,6.6,38
1294,60.753639,0.051794,54.489614,56.399245,171.69429200000002,99.96124352646613,3.8,38
1295,60.753639,0.062218,54.489614,56.399245,171.70471600000002,99.96124352646613,6.1,38
1296,60.753639,0.062218,54.489614,56.399245,171.70471600000002,99.96124352646613,5.3,38
1297,60.753639,0.062218,54.489614,56.399245,171.70471600000002,99.96124352646613,5.4,38
1298,58.224786,0.062218,54.489614,56.399245,169.17586300000002,99.96124352646613,6.1,38
1299,58.224786,0.062218,54.489614,56.399245,169.17586300000002,99.96124352646613,4.3,38
1300,58.224786,0.062218,54.489614,56.399245,169.17586300000002,99.96124352646613,6.6,38
1301,60.634034,0.050231,58.912122,57.406974,177.00336099999998,99.96124352646613,4.0,37
1302,60.634034,0.050231,58.912122,57.406974,177.00336099999998,99.96124352646613,5.9,37
1303,60.634034,0.050231,58.912122,57.406974,177.00336099999998,99.96124352646613,5.7,37
1304,57.667848,0.054256,58.912122,57.406974,174.0412,99.96124352646613,4.3,37
1305,57.667848,0.054256,58.912122,57.406974,174.0412,99.96124352646613,6.9,37
1306,57.667848,0.054256,58.912122,57.406974,174.0412,99.96124352646613,4.3,37
1307,60.58928,0.046199,58.912122,57.406974,176.954575,99.96124352646613,6.4,37
1308,60.58928,0.046199,58.912122,57.406974,176.954575,99.96124352646613,3.9,37
1309,60.58928,0.046199,58.912122,57.406974,176.954575,99.96124352646613,6.9,37
1310,60.942051,0.046199,58.912122,57.406974,177.307346,99.96124352646613,5.5,41
1311,60.942051,0.046199,58.912122,57.406974,177.307346,99.96124352646613,5.1,41
1312,60.942051,0.046199,58.912122,57.406974,177.307346,99.96124352646613,6.0,41
1313,56.257926,0.046199,58.912122,57.406974,172.623221,99.96124352646613,4.0,41
1314,56.257926,0.046199,58.912122,57.406974,172.623221,99.96124352646613,6.4,41
1315,56.257926,0.046199,58.912122,57.406974,172.623221,99.96124352646613,4.0,41
1316,63.178308,0.046199,58.912122,57.406974,179.543603,99.96124352646613,6.7,41
1317,63.178308,0.048672,58.912122,57.406974,179.546076,99.96124352646613,5.0,41
1318,63.178308,0.048672,58.912122,57.406974,179.546076,99.96124352646613,5.3,41
1319,63.178308,0.048672,58.912122,57.406974,179.546076,99.96124352646613,6.1,40
1320,53.415941,0.048672,58.912122,57.406974,169.783709,99.96124352646613,4.5,40
1321,53.415941,0.048672,58.912122,57.406974,169.783709,99.96124352646613,6.2,40
1322,57.602677,0.048672,58.912122,57.406974,173.97044499999998,99.96124352646613,3.8,40
1323,57.602677,0.049989,58.912122,57.406974,173.97176199999998,99.96124352646613,6.7,40
1324,57.602677,0.049989,58.912122,57.406974,173.97176199999998,99.96124352646613,3.8,40
1325,57.602677,0.049989,58.912122,57.406974,173.97176199999998,99.96124352646613,7.4,40
1326,59.358711,0.049989,58.912122,57.406974,175.72779599999998,99.96124352646613,4.8,40
1327,59.358711,0.049989,58.912122,57.406974,175.72779599999998,99.96124352646613,5.2,40
1328,59.358711,0.049989,58.912122,57.406974,175.72779599999998,99.96124352646613,6.3,40
1329,54.366627,0.049989,58.912122,57.406974,170.73571199999998,99.96124352646613,3.8,37
1330,54.366627,0.049989,58.912122,57.406974,170.73571199999998,99.96124352646613,6.8,37
1331,60.074622,0.052643,58.912122,57.406974,176.446361,99.96124352646613,3.8,37
1332,60.074622,0.052643,58.13284,57.406974,175.667079,99.96124352646613,6.2,37
1333,60.074622,0.052643,58.13284,57.406974,175.667079,99.96124352646613,4.9,37
1334,60.074622,0.052643,58.13284,57.406974,175.667079,99.96124352646613,5.7,37
1335,57.491433,0.052643,58.13284,57.406974,173.08389,99.96124352646613,5.7,37
1336,57.491433,0.052643,58.13284,57.406974,173.08389,99.96124352646613,4.8,37
1337,57.491433,0.052643,58.13284,57.406974,173.08389,99.96124352646613,6.1,37
1338,54.387354,0.052643,58.13284,57.406974,169.979811,99.96124352646613,3.9,40
1339,54.387354,0.052643,58.13284,57.406974,169.979811,99.96124352646613,6.3,40
1340,54.387354,0.052643,58.13284,57.406974,169.979811,99.96124352646613,5.1,40
1341,58.558477,0.052643,58.13284,57.406974,174.150934,99.96124352646613,5.8,40
1342,58.558477,0.052643,58.13284,57.406974,174.150934,99.96124352646613,5.4,40
1343,57.621486,0.052643,58.13284,57.406974,173.213943,99.96124352646613,4.8,40
1344,57.621486,0.047468,58.13284,57.406974,173.208768,99.96124352646613,5.7,40
1345,57.621486,0.047468,58.13284,57.406974,173.208768,99.96124352646613,4.8,40
1346,60.211368,0.047468,58.13284,57.406974,175.79865,99.96124352646613,7.1,40
1347,60.211368,0.045,58.13284,57.406974,175.796182,99.96124352646613,3.9,37
1348,60.211368,0.045,58.13284,57.406974,175.796182,99.96124352646613,6.4,37
1349,53.739681,0.045,58.13284,57.406974,169.32449499999998,99.96124352646613,4.9,37
1350,53.739681,0.047495,58.13284,57.406974,169.32699,99.96124352646613,5.4,37
1351,53.739681,0.047495,58.13284,57.406974,169.32699,99.96124352646613,5.4,37
1352,53.739681,0.047495,58.13284,57.406974,169.32699,99.96124352646613,4.7,37
1353,58.224937,0.047495,58.13284,57.406974,173.812246,99.96124352646613,6.5,37
1354,58.224937,0.047495,58.13284,57.406974,173.812246,99.96124352646613,4.4,37
1355,58.476298,0.056602,58.13284,57.406974,174.072714,99.96124352646613,6.0,37
1356,58.476298,0.056602,56.2689,57.406974,172.208774,99.96124352646613,5.5,40
1357,58.476298,0.056602,56.2689,57.406974,172.208774,99.96124352646613,4.8,40
1358,58.476298,0.056602,56.2689,57.406974,172.208774,99.96124352646613,6.0,40
1359,62.993305,0.056602,56.2689,57.406974,176.72578099999998,99.96124352646613,4.3,40
1360,62.993305,0.056602,56.2689,57.406974,176.72578099999998,99.96124352646613,5.9,40
1361,58.136076,0.056602,56.2689,57.406974,171.868552,99.96124352646613,4.6,40
1362,58.136076,0.051137,56.2689,57.406974,171.863087,99.96124352646613,5.3,40
1363,58.136076,0.051137,56.2689,57.406974,171.863087,99.96124352646613,5.5,40
1364,56.397041,0.051137,56.2689,57.406974,170.124052,99.96124352646613,4.8,40
1365,56.397041,0.073623,56.2689,57.406974,170.146538,99.96124352646613,6.4,37
1366,56.397041,0.073623,56.2689,57.406974,170.146538,99.96124352646613,3.6,37
1367,56.397041,0.073623,56.2689,57.406974,170.146538,99.96124352646613,7.3,37
1368,55.513832,0.057669,56.2689,57.406974,169.247375,99.96124352646613,5.0,37
1369,55.513832,0.057669,56.2689,57.406974,169.247375,99.96124352646613,5.6,37
1370,55.513832,0.057669,56.2689,57.406974,169.247375,99.96124352646613,7.6,37
1371,57.796135,0.056618,56.2689,57.406974,171.528627,99.96124352646613,4.3,37
1372,57.796135,0.056618,56.2689,57.406974,171.528627,99.96124352646613,6.5,37
1373,57.796135,0.056618,56.2689,57.406974,171.528627,99.96124352646613,3.6,37
1374,58.182452,0.056618,56.2689,57.406974,171.914944,99.96124352646613,7.0,37
1375,58.182452,0.056618,56.2689,57.406974,171.914944,99.96124352646613,4.0,38
1376,58.182452,0.056618,56.2689,57.406974,171.914944,99.96124352646613,8.5,38
1377,62.899508,0.056847,60.825238,57.406974,181.18856699999998,99.96124352646613,5.2,38
1378,62.899508,0.056847,60.825238,57.406974,181.18856699999998,99.96124352646613,6.8,38
1379,62.899508,0.056847,60.825238,57.406974,181.18856699999998,99.96124352646613,5.6,38
1380,62.899508,0.056847,60.825238,57.406974,181.18856699999998,99.96124352646613,5.6,38
1381,58.935849,0.056847,60.825238,57.406974,177.224908,99.96124352646613,5.7,38
1382,58.935849,0.056847,60.825238,57.406974,177.224908,99.96124352646613,7.5,38
1383,58.935849,0.056847,60.825238,57.406974,177.224908,99.96124352646613,3.8,38
1384,54.159251,0.052322,54.078842,57.406974,165.697389,99.96124352646613,6.5,37
1385,54.159251,0.052322,54.078842,57.406974,165.697389,99.96124352646613,4.9,37
1386,57.707987,0.062048,54.078842,57.406974,169.255851,99.96124352646613,5.8,37
1387,57.707987,0.062048,56.285479,57.406974,171.462488,99.96124352646613,5.2,37
1388,57.707987,0.062048,56.285479,57.406974,171.462488,99.96124352646613,5.1,37
1389,57.707987,0.062048,56.285479,57.406974,171.462488,99.96124352646613,5.9,37
1390,59.554,0.048987,56.874839,57.406974,173.88479999999998,99.96124352646613,5.1,37
1391,59.554,0.048987,56.874839,57.406974,173.88479999999998,99.96124352646613,5.6,37
1392,58.527524,0.048987,56.874839,57.406974,172.85832399999998,99.96124352646613,5.6,37
1393,58.527524,0.048553,56.874839,57.406974,172.85789,99.96124352646613,4.8,41
1394,58.527524,0.048553,56.874839,57.406974,172.85789,99.96124352646613,6.4,41
1395,66.445713,0.048553,56.874839,57.406974,180.77607899999998,99.96124352646613,4.0,41
1396,66.445713,0.047696,56.874839,57.406974,180.77522199999999,99.96124352646613,6.6,41
1397,66.445713,0.047696,56.874839,57.406974,180.77522199999999,99.96124352646613,4.1,41
1398,54.024198,0.047696,56.874839,57.406974,168.35370699999999,99.96124352646613,6.9,41
1399,54.024198,0.051216,56.874839,57.406974,168.357227,99.96124352646613,3.9,41
1400,61.22952,0.051216,59.152488,57.406974,177.840198,99.96124352646613,6.0,41
1401,61.22952,0.051216,59.152488,57.406974,177.840198,99.96124352646613,5.4,41
1402,61.22952,0.051216,59.152488,57.406974,177.840198,99.96124352646613,5.2,41
1403,59.437729,0.052964,59.152488,57.406974,176.050155,99.96124352646613,6.5,36
1404,59.437729,0.052964,59.152488,57.406974,176.050155,99.96124352646613,4.1,36
1405,59.437729,0.053805,48.054272,57.406974,164.95278,99.96124352646613,6.7,36
1406,59.437729,0.053805,48.054272,55.633661,163.179467,99.96124352646613,4.1,36
1407,59.437729,0.053805,48.054272,55.633661,163.179467,99.96124352646613,6.6,36
1408,59.437729,0.053805,48.054272,55.633661,163.179467,99.96124352646613,5.2,36
1409,58.382495,0.064466,61.098666,55.633661,175.17928799999999,99.96124352646613,5.1,36
1410,58.382495,0.064466,61.098666,55.633661,175.17928799999999,99.96124352646613,6.1,36
1411,58.382495,0.064466,61.098666,55.633661,175.17928799999999,99.96124352646613,5.0,36
1412,58.382495,0.064466,61.098666,55.633661,175.17928799999999,99.96124352646613,6.3,40
1413,57.56718,0.064466,61.098666,55.633661,174.363973,99.96124352646613,4.2,40
1414,57.56718,0.064466,61.098666,55.633661,174.363973,99.96124352646613,6.8,40
1415,57.56718,0.064466,61.098666,55.633661,174.363973,99.96124352646613,4.0,40
1416,55.724174,0.064466,61.098666,55.633661,172.52096699999998,99.96124352646613,6.7,40
1417,55.724174,0.064466,61.098666,55.633661,172.52096699999998,99.96124352646613,3.9,40
1418,56.53806,0.064466,61.098666,55.633661,173.334853,99.96124352646613,6.4,40
1419,56.53806,0.064466,61.098666,55.633661,173.334853,99.96124352646613,5.5,40
1420,54.156334,0.051114,51.598039,51.928657,157.73414400000001,99.96938637481044,5.4,40
1421,54.156334,0.051114,51.598039,51.928657,157.73414400000001,99.96938637481044,6.1,36
1422,59.469831,0.05077,57.774986,58.075915,175.371502,99.97045523151316,4.1,36
1423,56.99895,0.05665,55.002383,55.533288,167.591271,99.9691450232343,6.2,36
1424,60.422471,0.057539,57.812751,58.322416,176.615177,99.9600274844094,5.4,36
1425,58.551201,0.054925,56.774529,57.092595,172.47325,99.9719933459241,5.6,36
1426,65.211053,0.069953,62.71041,63.094379,191.08579500000002,99.99283151390877,5.2,36
1427,55.262495,0.062651,52.38767,52.911748,160.62456400000002,99.96254703250334,4.8,36
1428,62.11617,0.070253,59.926916,60.38842,182.501759,99.9661764442001,5.9,36
1429,65.314346,0.063288,62.341789,62.842612,190.562035,100.0061518784328,5.0,36
1430,74.385703,0.057457,71.849432,72.359058,218.65165000000002,100.00002150000462,6.2,38
1431,59.948438,0.058809,56.990565,57.619016,174.616828,99.93614679836466,4.5,38
1432,63.062857,0.071997,60.311729,60.853893,184.300476,99.99753206090874,7.1,38
1433,72.396678,0.059138,70.060134,70.516786,213.032736,99.99465478572843,3.8,38
1434,66.935339,0.061396,64.464608,64.774058,196.235401,99.97544303192807,6.4,38
1435,71.688899,0.067945,69.138798,69.567068,210.46271000000002,99.97430610345988,4.8,38
1436,63.290846,0.057043,60.921777,61.24866,185.518326,99.96314758601093,5.6,38
1437,62.970295,0.050214,60.984997,61.315604,185.32111,99.96955976889816,5.6,38
1438,54.614939,0.07913,52.688953,53.131395,160.51441699999998,100.01242604387382,4.3,38
1439,68.931307,0.058935,66.666563,66.964131,202.62093600000003,99.97637808126885,6.5,38
1440,61.721268,0.055842,59.340768,59.881684,180.999562,99.99590466772433,3.9,35
1441,71.05028,0.067212,67.887624,68.311932,207.317048,99.95697501945749,6.2,35
1442,58.770827,0.063504,56.543314,56.95476,172.332405,99.9946402872806,5.7,35
1443,60.686277,0.06208,58.353482,58.703066,177.804905,100.01459012840795,4.3,35
1444,65.314258,0.052373,63.121606,63.599452,192.087689,99.97190739416271,6.6,35
1445,66.491643,0.056099,64.078166,64.573951,195.19985899999998,99.95938550207664,4.3,35
1446,66.47587,0.063393,63.81897,64.202599,194.560832,100.00081800669129,7.0,35
1447,66.47587,0.063393,63.81897,64.202599,194.560832,100.00081800669129,3.8,35
1448,71.049662,0.063393,63.81897,64.202599,199.13462400000003,100.00081800669129,7.3,35
1449,71.049662,0.063393,63.81897,64.202599,199.13462400000003,100.00081800669129,4.2,40
1450,63.074234,0.047264,63.81897,64.202599,191.143067,100.00081800669129,6.3,40
1451,63.074234,0.047264,63.81897,64.202599,191.143067,100.00081800669129,5.3,40
1452,63.074234,0.047264,63.81897,64.202599,191.143067,100.00081800669129,5.5,40
1453,64.931763,0.047264,63.81897,64.202599,193.00059600000003,100.00081800669129,5.6,40
1454,64.931763,0.047264,63.81897,64.202599,193.00059600000003,100.00081800669129,4.3,40
1455,64.931763,0.047264,63.81897,64.202599,193.00059600000003,100.00081800669129,6.9,40
1456,61.845274,0.045554,63.81897,64.202599,189.912397,100.00081800669129,5.1,40
1457,61.845274,0.045554,63.81897,64.202599,189.912397,100.00081800669129,5.6,40
1458,61.845274,0.045554,63.81897,64.202599,189.912397,100.00081800669129,5.5,37
1459,59.793896,0.05259,63.81897,64.202599,187.86805500000003,100.00081800669129,4.7,37
1460,59.793896,0.05259,56.517703,64.202599,180.566788,100.00081800669129,6.4,37
1461,59.793896,0.05259,56.517703,64.202599,180.566788,100.00081800669129,3.8,37
1462,59.793896,0.05259,56.517703,64.202599,180.566788,100.00081800669129,6.0,37
1463,60.207106,0.05259,56.517703,64.202599,180.97999800000002,100.00081800669129,5.0,37
1464,60.207106,0.05259,56.517703,64.202599,180.97999800000002,100.00081800669129,5.7,37
1465,60.207106,0.05259,56.517703,64.202599,180.97999800000002,100.00081800669129,5.5,37
1466,62.563886,0.047847,56.517703,64.202599,183.33203500000002,100.00081800669129,5.0,37
1467,62.563886,0.047847,56.517703,64.202599,183.33203500000002,100.00081800669129,6.2,37
1468,62.563886,0.047847,56.517703,64.202599,183.33203500000002,100.00081800669129,4.3,39
1469,55.849779,0.048027,56.517703,64.202599,176.618108,100.00081800669129,6.3,39
1470,55.849779,0.048027,56.517703,64.202599,176.618108,100.00081800669129,3.8,39
1471,55.849779,0.048027,56.517703,64.202599,176.618108,100.00081800669129,6.1,39
1472,61.691846,0.048347,56.517703,64.202599,182.46049499999998,100.00081800669129,5.0,39
1473,61.691846,0.048347,56.517703,64.202599,182.46049499999998,100.00081800669129,5.4,39
1474,61.691846,0.048347,56.517703,64.202599,182.46049499999998,100.00081800669129,5.9,39
1475,56.849594,0.048347,56.517703,64.202599,177.618243,100.00081800669129,4.6,39
1476,56.849594,0.048347,56.517703,64.202599,177.618243,100.00081800669129,5.7,39
1477,56.849594,0.048347,56.517703,64.202599,177.618243,100.00081800669129,4.6,37
1478,61.525213,0.048347,56.517703,64.202599,182.293862,100.00081800669129,6.3,37
1479,61.525213,0.048347,56.517703,64.202599,182.293862,100.00081800669129,5.6,37
1480,61.525213,0.048347,56.517703,64.202599,182.293862,100.00081800669129,5.4,37
1481,55.246919,0.047087,53.424435,57.1004,165.818841,100.00081800669129,5.6,37
1482,55.246919,0.047087,53.424435,57.1004,165.818841,100.00081800669129,5.4,37
1483,55.246919,0.047087,53.424435,57.1004,165.818841,100.00081800669129,6.2,37
1484,60.492459,0.050477,53.424435,57.1004,171.067771,100.00081800669129,4.3,37
1485,60.492459,0.050477,53.424435,57.1004,171.067771,100.00081800669129,7.4,37
1486,60.492459,0.050477,53.424435,57.1004,171.067771,100.00081800669129,4.5,38
1487,60.492459,0.050477,53.424435,57.1004,171.067771,100.00081800669129,7.4,38
1488,56.56411,0.050477,53.424435,57.1004,167.139422,100.00081800669129,3.9,38
1489,56.56411,0.050477,53.424435,57.1004,167.139422,100.00081800669129,7.6,38
1490,56.56411,0.050477,53.424435,57.1004,167.139422,100.00081800669129,6.1,38
1491,57.159364,0.050477,53.424435,57.1004,167.734676,100.00081800669129,5.5,38
1492,57.159364,0.050477,53.424435,57.1004,167.734676,100.00081800669129,5.8,38
1493,57.159364,0.050477,53.424435,57.1004,167.734676,100.00081800669129,5.2,38
1494,64.612324,0.050477,53.424435,57.1004,175.187636,100.00081800669129,5.8,38
1495,64.612324,0.055029,53.424435,57.1004,175.19218800000002,100.00081800669129,6.4,38
1496,64.612324,0.055029,53.424435,57.1004,175.19218800000002,100.00081800669129,5.3,38
1497,59.823075,0.05166,53.424435,57.1004,170.39957,100.00081800669129,5.7,38
1498,59.823075,0.05166,58.705692,57.1004,175.680827,100.00081800669129,5.0,38
1499,59.823075,0.05166,58.705692,57.1004,175.680827,100.00081800669129,5.7,38
1500,62.744623,0.05166,58.705692,57.1004,178.602375,100.00081800669129,5.1,38
1501,62.744623,0.05166,58.705692,57.1004,178.602375,100.00081800669129,5.6,38
1502,62.744623,0.05166,58.705692,57.1004,178.602375,100.00081800669129,5.8,38
1503,56.526396,0.060292,54.516071,54.981034,166.083793,100.00934637346532,6.4,38
1504,56.526396,0.060292,54.516071,54.981034,166.083793,100.00934637346532,5.6,38
1505,56.526396,0.060292,54.516071,54.981034,166.083793,100.00934637346532,6.0,38
1506,60.723843,0.060292,54.516071,54.981034,170.28124,100.00934637346532,6.7,38
1507,60.723843,0.055183,54.516071,54.981034,170.276131,100.00934637346532,4.9,38
1508,60.723843,0.055183,54.516071,54.981034,170.276131,100.00934637346532,5.8,38
1509,58.014072,0.055183,54.516071,54.981034,167.56636,100.00934637346532,5.3,38
1510,58.014072,0.055183,54.516071,54.981034,167.56636,100.00934637346532,6.2,38
1511,58.014072,0.055183,54.516071,54.981034,167.56636,100.00934637346532,4.3,38
1512,65.013447,0.054978,54.516071,54.981034,174.56553,100.00934637346532,5.9,38
1513,65.013447,0.054978,54.516071,54.981034,174.56553,100.00934637346532,6.4,38
1514,57.370967,0.052688,55.718469,56.073606,169.21573,99.95138015039655,5.2,38
1515,57.370967,0.052688,55.718469,56.073606,169.21573,99.95138015039655,5.6,38
1516,57.448673,0.052892,55.548621,55.8616,168.911786,99.95965378474114,5.7,38
1517,57.733605,0.052187,56.091916,56.391906,170.269614,100.00888778985788,5.9,38
1518,58.644946,0.050554,56.893227,57.295574,172.884301,99.95445974859393,5.4,38
1519,58.760838,0.06476,56.492534,56.902266,172.220398,99.95582652158531,5.9,38
1520,68.851658,0.061494,66.383096,66.802708,202.098956,99.93938126859463,5.8,38
1521,69.922956,0.069991,67.380149,67.795395,205.16849100000002,99.95792221285488,5.2,38
1522,68.295332,0.057643,65.940217,66.386607,200.679799,99.95435634294778,6.0,38
1523,67.933117,0.074321,64.833401,65.159168,198.00000699999998,99.93565792567942,5.5,40
1524,54.791874,0.071894,52.424324,52.817137,160.105229,99.95303456788241,5.9,40
1525,65.997547,0.061421,62.948227,63.462517,192.469712,100.0041676736878,6.9,40
1526,73.645332,0.071579,71.313801,71.798916,216.829628,99.96787082615583,6.4,40
1527,59.02793,0.052302,56.712271,57.194031,172.986534,100.00736604254585,4.7,40
1528,61.917193,0.062932,58.84546,59.394871,180.220456,99.97562044507636,6.7,40
1529,65.579673,0.073186,63.065905,63.533421,192.25218500000003,99.9999405000354,3.9,40
1530,60.525205,0.071682,58.613204,59.030497,178.240588,99.95291767789242,6.6,40
1531,63.418757,0.070942,61.232375,61.558737,186.280811,99.95085716205912,5.1,40
1532,61.802949,0.064237,59.401731,59.869682,181.138599,99.96105267485156,5.2,40
1533,63.123723,0.074913,60.842316,61.25027,185.291222,100.0062408894627,6.2,40
1534,56.933835,0.051209,55.329462,55.749601,168.06410699999998,100.0065789327951,4.4,40
1535,53.705745,0.047797,51.88106,52.254906,157.889508,99.96414835801214,6.0,40
1536,54.634788,0.051803,53.150923,53.450202,161.287716,99.98442942480568,3.9,40
1537,66.462304,0.047037,64.756974,65.126371,196.39268600000003,99.9736349529902,6.9,40
1538,54.923511,0.070024,52.82673,53.119704,160.939969,99.95989608968881,3.6,40
1539,64.961396,0.063115,75.96994,76.377385,217.37183599999997,99.95876650902119,6.1,40
1540,67.814571,0.042679,65.581363,65.892752,199.331365,100.00019600038416,5.5,40
1541,58.635957,0.062854,57.143635,57.522809,173.365255,99.97875901275395,4.9,40
1542,55.398933,0.045237,53.224783,53.750037,162.41899,99.94956045431674,6.7,38
1543,64.866566,0.07158,62.46826,63.132569,190.538975,99.97882198603281,4.1,38
1544,68.094677,0.058296,65.503972,66.102154,199.759099,99.97078203938726,5.9,38
1545,64.250103,0.061063,61.713742,62.2285,188.253408,100.00499874986251,5.1,38
1546,64.22719,0.077659,60.924884,61.445969,186.67570199999997,99.95365498855972,5.5,38
1547,63.196766,0.055803,61.074249,61.603721,185.930539,100.01292417012588,5.2,38
1548,72.887717,0.071201,70.6425,71.019831,214.62124899999998,100.0052462752196,5.2,38
1549,55.867941,0.095117,52.471349,53.015185,161.449592,99.9564110082875,6.9,38
1550,62.742862,0.095117,52.471349,53.015185,168.324513,99.9564110082875,3.7,38
1551,62.742862,0.095117,52.471349,53.015185,168.324513,99.9564110082875,6.4,37
1552,62.742862,0.077292,52.471349,53.015185,168.306688,99.9564110082875,4.2,37
1553,62.742862,0.077292,52.471349,53.015185,168.306688,99.9564110082875,6.5,37
1554,59.239697,0.054363,52.471349,53.015185,164.780594,99.9564110082875,4.1,37
1555,59.239697,0.054363,57.139309,53.015185,169.448554,99.9564110082875,6.2,37
1556,59.239697,0.054363,57.139309,53.015185,169.448554,99.9564110082875,5.4,37
1557,58.710242,0.051833,57.139309,53.015185,168.916569,99.9564110082875,5.3,37
1558,58.710242,0.051833,60.376058,53.015185,172.153318,99.9564110082875,6.4,37
1559,58.710242,0.051833,60.376058,53.015185,172.153318,99.9564110082875,4.5,37
1560,58.710242,0.051833,60.376058,53.015185,172.153318,99.9564110082875,5.9,37
1561,65.13579,0.051833,60.376058,53.015185,178.578866,99.9564110082875,4.1,37
1562,65.13579,0.051833,60.376058,53.015185,178.578866,99.9564110082875,6.9,37
1563,58.384732,0.051833,60.376058,53.015185,171.827808,99.9564110082875,4.6,37
1564,58.384732,0.045871,60.376058,53.015185,171.821846,99.9564110082875,6.0,37
1565,58.384732,0.045871,60.376058,53.015185,171.821846,99.9564110082875,5.6,37
1566,58.384732,0.045871,60.376058,53.015185,171.821846,99.9564110082875,4.7,37
1567,62.024923,0.045871,60.376058,53.015185,175.462037,99.9564110082875,5.7,37
1568,62.024923,0.045871,60.376058,53.015185,175.462037,99.9564110082875,4.6,37
1569,62.024923,0.045871,60.376058,53.015185,175.462037,99.9564110082875,6.4,37
1570,56.748589,0.045871,60.376058,53.015185,170.185703,99.9564110082875,4.1,35
1571,56.748589,0.045871,60.376058,53.015185,170.185703,99.9564110082875,6.5,35
1572,59.885365,0.05948,60.376058,53.015185,173.33608800000002,99.9564110082875,5.1,35
1573,59.885365,0.05948,58.016618,53.015185,170.976648,99.9564110082875,4.9,35
1574,59.885365,0.05948,58.016618,53.015185,170.976648,99.9564110082875,5.9,35
1575,59.885365,0.05948,58.016618,53.015185,170.976648,99.9564110082875,4.2,35
1576,58.084449,0.05948,58.016618,53.015185,169.175732,99.9564110082875,5.8,35
1577,58.084449,0.05948,58.016618,53.015185,169.175732,99.9564110082875,4.8,35
1578,58.084449,0.05948,58.016618,53.015185,169.175732,99.9564110082875,5.3,35
1579,74.698398,0.05948,58.016618,53.015185,185.789681,99.9564110082875,5.8,35
1580,74.698398,0.05948,58.016618,53.015185,185.789681,99.9564110082875,4.3,41
1581,74.698398,0.05948,58.016618,53.015185,185.789681,99.9564110082875,6.4,41
1582,60.450806,0.05948,58.016618,53.015185,171.542089,99.9564110082875,3.3,41
1583,60.450806,0.056285,58.016618,53.015185,171.538894,99.9564110082875,6.5,41
1584,60.450806,0.056285,58.016618,53.015185,171.538894,99.9564110082875,3.9,41
1585,57.159686,0.068212,58.016618,53.015185,168.259701,99.9564110082875,6.2,41
1586,57.159686,0.068212,58.016618,53.015185,168.259701,99.9564110082875,4.4,41
1587,57.159686,0.068212,60.493293,53.015185,170.736376,99.9564110082875,6.6,41
1588,57.159686,0.068212,60.493293,53.015185,170.736376,99.9564110082875,5.3,41
1589,57.159686,0.068212,60.493293,53.015185,170.736376,99.9564110082875,5.6,41
1590,51.54727,0.068212,60.493293,53.015185,165.12396,99.9564110082875,5.7,41
1591,51.54727,0.068212,60.493293,53.015185,165.12396,99.9564110082875,4.7,41
1592,58.00493,0.068212,60.493293,53.015185,171.58162000000002,99.9564110082875,6.5,41
1593,58.00493,0.047794,60.493293,53.015185,171.561202,99.9564110082875,3.6,41
1594,58.00493,0.047794,60.493293,53.015185,171.561202,99.9564110082875,6.5,36
1595,58.00493,0.047794,60.493293,53.015185,171.561202,99.9564110082875,3.8,36
1596,57.383853,0.052496,60.493293,53.015185,170.944827,99.9564110082875,6.7,36
1597,57.383853,0.052496,60.493293,53.015185,170.944827,99.9564110082875,4.8,36
1598,57.383853,0.052496,60.493293,53.015185,170.944827,99.9564110082875,5.0,36
1599,58.414258,0.052496,60.493293,53.015185,171.975232,99.9564110082875,7.3,36
1600,58.414258,0.052496,60.493293,53.015185,171.975232,99.9564110082875,4.0,38
1601,58.414258,0.052496,60.493293,53.015185,171.975232,99.9564110082875,8.0,38
1602,59.891317,0.048293,60.493293,53.015185,173.448088,99.9564110082875,4.0,38
1603,59.891317,0.048293,60.493293,53.015185,173.448088,99.9564110082875,7.1,38
1604,59.891317,0.048293,60.493293,53.015185,173.448088,99.9564110082875,5.3,38
1605,59.891317,0.048293,60.493293,53.015185,173.448088,99.9564110082875,5.5,35
1606,58.292086,0.048293,60.493293,53.015185,171.848857,99.9564110082875,6.2,35
1607,58.292086,0.048293,60.493293,53.015185,171.848857,99.9564110082875,5.5,35
1608,59.928029,0.048293,60.493293,53.015185,173.4848,99.9564110082875,6.1,35
1609,59.928029,0.050925,60.493293,53.015185,173.487432,99.9564110082875,5.5,35
1610,59.928029,0.050925,60.493293,53.015185,173.487432,99.9564110082875,6.1,35
1611,59.928029,0.050925,60.493293,53.015185,173.487432,99.9564110082875,6.1,38
1612,62.238768,0.050925,60.493293,53.015185,175.798171,99.9564110082875,5.3,38
1613,62.238768,0.050925,60.493293,53.015185,175.798171,99.9564110082875,5.9,38
1614,62.238768,0.050925,60.493293,53.015185,175.798171,99.9564110082875,6.7,38
1615,53.44146,0.050925,60.493293,53.015185,167.000863,99.9564110082875,5.7,38
1616,53.44146,0.050925,60.493293,53.015185,167.000863,99.9564110082875,4.2,38
1617,53.44146,0.050925,60.493293,53.015185,167.000863,99.9564110082875,6.0,38
1618,56.907384,0.050925,60.493293,53.015185,170.466787,99.9564110082875,6.0,38
1619,56.907384,0.050925,60.493293,53.015185,170.466787,99.9564110082875,5.4,37
1620,59.70485,0.052398,57.751018,58.057952,175.566218,99.98031787462321,6.2,37
1621,59.70485,0.052398,57.751018,58.057952,175.566218,99.98031787462321,5.2,37
1622,59.70485,0.052398,57.751018,58.057952,175.566218,99.98031787462321,6.8,37
1623,59.654548,0.052398,57.751018,58.057952,175.515916,99.98031787462321,5.2,37
1624,59.654548,0.051087,57.751018,58.057952,175.51460500000002,99.98031787462321,6.3,37
1625,66.138568,0.051087,57.751018,58.057952,181.998625,99.98031787462321,5.8,37
1626,66.138568,0.052023,55.627506,58.057952,179.87604900000002,99.98031787462321,5.5,39
1627,66.138568,0.052023,55.627506,56.127179,177.945276,99.98031787462321,6.7,39
1628,61.443347,0.052023,55.627506,56.127179,173.25005499999997,99.98031787462321,5.4,39
1629,61.443347,0.071422,55.627506,56.127179,173.269454,99.98031787462321,5.6,39
1630,61.443347,0.071422,47.59418,56.127179,165.236128,99.98031787462321,6.0,39
1631,62.857301,0.071422,47.59418,56.127179,166.650082,99.98031787462321,5.8,39
1632,62.857301,0.044722,47.59418,56.127179,166.623382,99.98031787462321,6.1,38
1633,62.857301,0.044722,58.280557,56.127179,177.30975899999999,99.98031787462321,5.3,38
1634,56.602709,0.051571,58.280557,56.127179,171.062016,99.98031787462321,7.1,38
1635,56.602709,0.051571,58.280557,56.127179,171.062016,99.98031787462321,4.1,38
1636,55.349422,0.051571,52.849791,56.127179,164.37796300000002,99.98031787462321,7.2,38
1637,55.349422,0.051571,52.849791,56.127179,164.37796300000002,99.98031787462321,3.7,38
1638,55.349422,0.045165,52.849791,56.127179,164.371557,99.98031787462321,6.4,40
1639,61.346519,0.045165,59.126572,59.586784,180.10504,99.99751156192478,4.9,40
1640,61.346519,0.045165,59.126572,59.586784,180.10504,99.99751156192478,5.4,40
1641,61.346519,0.048435,52.484082,52.821445,166.700481,99.99751156192478,5.8,40
1642,61.346519,0.048435,52.484082,52.821445,166.700481,100.0079001240703,4.4,40
1643,61.346519,0.048435,52.484082,52.821445,166.700481,100.0079001240703,7.0,40
1644,61.346519,0.046039,52.417038,52.821445,166.63104099999998,100.0079001240703,4.0,40
1645,59.374954,0.046039,52.417038,57.679678,169.517709,100.0096374287108,6.8,39
1646,59.374954,0.046039,52.417038,57.679678,169.517709,100.0096374287108,3.9,39
1647,59.374954,0.049853,54.475655,57.679678,171.58014,100.0096374287108,6.8,39
1648,59.374954,0.049853,54.475655,57.679678,171.58014,100.0096374287108,5.0,39
1649,59.374954,0.049853,54.475655,57.679678,171.58014,100.0096374287108,5.6,39
1650,59.267622,0.049853,54.475655,57.679678,171.47280800000001,100.0096374287108,5.5,39
1651,59.267622,0.052402,54.475655,57.679678,171.475357,100.0096374287108,4.8,39
1652,59.267622,0.052402,54.475655,57.679678,171.475357,100.0096374287108,6.8,39
1653,54.78952,0.048351,54.475655,57.679678,166.993204,100.0096374287108,3.7,39
1654,54.78952,0.048351,54.475655,57.679678,166.993204,100.0096374287108,6.9,38
1655,54.78952,0.048351,54.475655,57.679678,166.993204,100.0096374287108,3.7,38
1656,59.43585,0.045605,57.636602,58.221393,175.33945,100.0096374287108,6.7,38
1657,59.43585,0.045605,57.636602,58.221393,175.33945,99.95470552519126,4.9,38
1658,59.43585,0.045605,57.636602,58.221393,175.33945,99.95470552519126,4.9,38
1659,58.213354,0.051185,57.636602,58.221393,174.122534,99.95470552519126,6.7,38
1660,58.213354,0.051185,57.636602,66.708543,182.60968400000002,99.95470552519126,3.7,38
1661,58.213354,0.051185,57.636602,66.708543,182.60968400000002,99.95470552519126,6.7,38
1662,53.501057,0.05785,51.102552,55.135137,159.79659600000002,99.95470552519126,4.8,38
1663,53.501057,0.05785,51.102552,55.135137,159.79659600000002,99.95470552519126,5.7,38
1664,53.501057,0.05785,51.102552,55.135137,159.79659600000002,99.96487684069764,6.1,40
1665,56.858348,0.05785,51.102552,55.135137,163.153887,99.96487684069764,4.2,40
1666,56.858348,0.05785,51.102552,55.135137,163.153887,99.96487684069764,6.6,40
1667,56.858348,0.05785,51.102552,55.275655,163.294405,99.96487684069764,4.3,40
1668,54.450749,0.05785,51.102552,55.275655,160.886806,99.96487684069764,6.5,40
1669,54.450749,0.05785,51.102552,62.57649,168.187641,99.96487684069764,5.4,40
1670,54.450749,0.05785,51.102552,62.57649,168.187641,99.96261747975417,4.9,40
1671,59.752922,0.05785,51.102552,62.57649,173.489814,99.96261747975417,6.0,40
1672,59.752922,0.05785,51.102552,62.57649,173.489814,99.96261747975417,4.5,40
1673,59.752922,0.05785,51.102552,52.259703,163.173027,100.00873826350578,6.1,41
1674,59.752922,0.05785,51.102552,52.259703,163.173027,100.00873826350578,4.0,41
1675,55.085819,0.05785,51.102552,52.259703,158.505924,100.00873826350578,6.7,41
1676,55.085819,0.05785,51.102552,55.850776,162.09699700000002,99.99918150669936,5.1,41
1677,55.085819,0.05785,51.102552,55.850776,162.09699700000002,99.99918150669936,5.3,41
1678,57.914571,0.056127,56.216996,55.850776,170.03847,99.99918150669936,5.1,41
1679,57.914571,0.056127,56.216996,57.789572,171.977266,99.95988759650584,5.2,41
1680,57.914571,0.056127,56.216996,57.789572,171.977266,99.95988759650584,6.5,41
1681,59.369393,0.056127,56.216996,57.789572,173.432088,99.95988759650584,3.9,41
1682,59.369393,0.056127,56.216996,54.007471,169.649987,99.95988759650584,6.5,41
1683,59.369393,0.056127,56.216996,54.007471,169.649987,99.95988759650584,3.9,41
1684,58.919459,0.052567,53.013622,54.007471,165.993119,99.95988759650584,7.1,41
1685,58.919459,0.052567,53.013622,65.650038,177.635686,99.95988759650584,5.0,41
1686,58.919459,0.052567,53.013622,65.650038,177.635686,99.95988759650584,5.7,41
1687,60.269367,0.052567,53.013622,65.650038,178.985594,99.95988759650584,5.1,41
1688,60.269367,0.052567,53.013622,62.24961,175.585166,99.95988759650584,5.6,41
1689,60.269367,0.052567,53.013622,62.24961,175.585166,99.95988759650584,6.0,41
1690,57.391778,0.052567,53.013622,62.24961,172.707577,99.95988759650584,4.7,41
1691,57.391778,0.045378,53.013622,56.847772,167.29855,100.00661443747889,6.4,41
1692,57.391778,0.045378,53.013622,56.847772,167.29855,100.00661443747889,4.2,41
1693,57.391778,0.045378,53.013622,56.847772,167.29855,100.00661443747889,6.7,41
1694,52.175385,0.04409,53.013622,56.847772,162.08086899999998,100.00661443747889,3.4,41
1695,52.175385,0.04409,53.013622,56.847772,162.08086899999998,100.00661443747889,6.0,41
1696,52.175385,0.04409,53.013622,56.847772,162.08086899999998,100.00661443747889,5.1,41
1697,57.741665,0.04409,53.013622,56.847772,167.64714899999998,100.00661443747889,6.0,41
1698,57.741665,0.04409,53.013622,56.847772,167.64714899999998,100.00661443747889,4.8,41
1699,58.016951,0.04409,53.013622,56.847772,167.92243499999998,100.00661443747889,5.2,41
1700,58.016951,0.052372,53.013622,56.847772,167.930717,100.00661443747889,6.0,41
1701,58.016951,0.052372,53.013622,56.847772,167.930717,100.00661443747889,4.6,38
1702,57.577096,0.05359,54.683611,55.185303,167.4996,100.00661443747889,6.8,38
1703,57.577096,0.05359,54.683611,55.185303,167.4996,99.99511123901152,4.0,38
1704,57.577096,0.05359,54.683611,55.185303,167.4996,99.99511123901152,6.6,38
1705,57.577096,0.05359,54.683611,55.185303,167.4996,99.99511123901152,3.9,38
1706,57.568165,0.05359,54.683611,55.185303,167.490669,99.99511123901152,7.8,38
1707,57.568165,0.05359,54.683611,55.185303,167.490669,99.99511123901152,4.2,38
1708,57.568165,0.05359,54.683611,55.185303,167.490669,99.99511123901152,6.8,38
1709,57.337417,0.05359,54.683611,55.185303,167.259921,99.99511123901152,5.1,38
1710,57.337417,0.05359,54.683611,55.185303,167.259921,99.99511123901152,5.3,38
1711,57.337417,0.05359,54.683611,55.185303,167.259921,99.99511123901152,5.5,39
1712,59.035228,0.05533,54.683611,55.185303,168.959472,99.99511123901152,4.9,39
1713,59.035228,0.05533,55.335956,55.185303,169.611817,99.99511123901152,6.0,39
1714,59.035228,0.05533,55.335956,55.185303,169.611817,99.99511123901152,4.2,39
1715,59.035228,0.05533,55.335956,55.185303,169.611817,99.99511123901152,6.9,39
1716,58.176146,0.05533,55.335956,55.185303,168.752735,99.99511123901152,3.3,39
1717,58.176146,0.05533,55.335956,55.185303,168.752735,99.99511123901152,6.9,39
1718,57.998353,0.050385,55.335956,55.185303,168.569997,99.99511123901152,5.3,39
1719,57.998353,0.050385,55.363808,55.185303,168.597849,99.99511123901152,5.2,39
1720,57.998353,0.050385,55.363808,55.185303,168.597849,99.99511123901152,6.0,37
1721,60.975628,0.050385,55.363808,55.185303,171.575124,99.99511123901152,4.4,37
1722,58.735171,0.065871,56.081125,56.65377,171.53593700000002,100.0098544710103,6.3,37
1723,53.452968,0.048887,51.565256,52.202335,157.269446,100.00336111296701,3.8,37
1724,58.713811,0.056948,55.901976,56.409441,171.082176,99.9460805887136,6.6,37
1725,59.875277,0.048273,57.988982,58.594182,176.506714,100.00406816549297,5.3,37
1726,52.643786,0.070882,50.712276,51.385634,154.812578,100.00709000264574,5.3,37
1727,65.886228,0.073919,63.504391,64.081279,193.545817,99.96686548260146,6.5,37
1728,65.451825,0.072375,62.8452,63.397046,191.76644599999997,100.00012200014885,4.0,37
1729,61.126415,0.070069,57.44885,58.991704,177.637038,99.97898141873634,6.7,38
1730,59.009458,0.089742,55.80176,56.400214,171.301174,99.95311599141307,3.9,38
1731,66.772874,0.075867,64.330925,64.884559,196.064225,99.99539471209653,6.7,38
1732,59.413499,0.058577,57.106416,57.525149,174.103641,100.00213454556189,3.8,38
1733,56.670997,0.051595,54.606084,55.149807,166.478483,99.99152071904302,6.0,38
1734,57.436442,0.075215,54.405606,54.832906,166.750169,99.94648615265172,6.1,38
1735,60.851394,0.086026,58.003972,58.4472,177.388592,99.99773155145975,4.6,39
1736,71.579763,0.077508,69.155812,69.5207,210.333783,100.00299058943358,6.6,39
1737,65.42444,0.081505,63.160724,63.605367,192.272036,99.94540232534473,3.7,39
1738,71.18399,0.085221,67.592323,68.090678,206.952212,99.96390803100542,6.7,39
1739,49.455742,0.052291,47.881372,48.273279,145.662684,99.95751655610091,4.0,39
1740,60.742113,0.052291,47.881372,48.273279,156.949055,99.95751655610091,6.5,41
1741,60.742113,0.052291,47.881372,48.273279,156.949055,99.95751655610091,4.8,41
1742,60.742113,0.052291,47.881372,48.273279,156.949055,99.95751655610091,5.5,41
1743,71.661833,0.052291,47.881372,48.273279,167.868775,99.95751655610091,5.8,41
1744,71.661833,0.052291,47.881372,48.273279,167.868775,99.95751655610091,4.8,41
1745,71.661833,0.052291,47.881372,48.273279,167.868775,99.95751655610091,7.1,41
1746,72.1486,0.052291,47.881372,48.273279,168.355542,99.95751655610091,3.9,41
1747,72.1486,0.052291,47.881372,48.273279,168.355542,99.95751655610091,6.6,37
1748,72.1486,0.052291,47.881372,48.273279,168.355542,99.95751655610091,4.0,37
1749,60.221155,0.053822,58.147246,48.273279,166.695502,99.95751655610091,7.0,37
1750,60.221155,0.053822,58.147246,48.273279,166.695502,99.95751655610091,4.5,37
1751,60.221155,0.053822,58.147246,48.273279,166.695502,99.95751655610091,5.2,37
1752,58.345734,0.048024,58.147246,48.273279,164.814283,99.95751655610091,5.8,37
1753,58.345734,0.048024,58.147246,48.273279,164.814283,99.95751655610091,5.0,37
1754,58.345734,0.048024,58.147246,48.273279,164.814283,99.95751655610091,6.0,39
1755,55.097971,0.063532,58.147246,48.273279,161.582028,99.95751655610091,4.3,39
1756,55.097971,0.063532,58.147246,48.273279,161.582028,99.95751655610091,6.7,39
1757,55.097971,0.063532,58.147246,48.273279,161.582028,99.95751655610091,4.0,39
1758,55.097971,0.063532,58.147246,48.273279,161.582028,99.95751655610091,6.7,39
1759,61.955163,0.063532,58.147246,48.273279,168.43922,99.95751655610091,5.4,39
1760,61.955163,0.063532,58.147246,48.273279,168.43922,99.95751655610091,4.4,38
1761,52.200457,0.061422,50.507812,50.887073,153.656764,99.95158844813514,6.1,38
1762,58.562494,0.049131,56.689979,57.175099,172.476703,99.98399856087032,4.9,38
1763,53.893121,0.045382,51.932661,52.347048,158.218212,99.94409227422271,6.0,38
1764,53.722173,0.052152,51.553226,52.029225,157.356776,99.94544028387622,5.7,38
1765,67.153923,0.071573,64.668834,65.082023,196.97635300000002,99.9725380436621,4.4,38
1766,66.778964,0.070194,64.549768,64.937924,196.33685000000003,99.99656711785084,6.9,40
1767,66.778964,0.070194,64.549768,64.937924,196.33685000000003,99.99656711785084,4.1,40
1768,78.209687,0.080924,64.549768,64.937924,207.778303,99.99656711785084,6.6,40
1769,78.209687,0.080924,64.549768,64.937924,207.778303,99.99656711785084,4.9,40
1770,78.209687,0.080924,64.549768,64.937924,207.778303,99.99656711785084,5.7,40
1771,78.209687,0.080924,64.549768,64.937924,207.778303,99.99656711785084,5.5,38
1772,60.271873,0.080924,64.549768,64.937924,189.840489,99.99656711785084,4.4,38
1773,60.271873,0.080924,64.549768,64.937924,189.840489,99.99656711785084,5.9,38
1774,60.271873,0.080924,64.549768,64.937924,189.840489,99.99656711785084,3.9,38
1775,60.871163,0.080924,64.549768,64.937924,190.439779,99.99656711785084,6.7,38
1776,60.871163,0.080924,64.549768,64.937924,190.439779,99.99656711785084,5.5,38
1777,60.871163,0.080924,64.549768,64.937924,190.439779,99.99656711785084,4.8,40
1778,64.972627,0.051913,64.549768,64.937924,194.51223199999998,99.99656711785084,6.0,40
1779,64.972627,0.051913,64.549768,64.937924,194.51223199999998,99.99656711785084,4.8,40
1780,64.972627,0.051913,64.549768,64.937924,194.51223199999998,99.99656711785084,6.5,40
1781,55.887563,0.052885,57.370602,64.937924,178.24897399999998,99.99656711785084,3.7,40
1782,55.887563,0.052885,57.370602,64.937924,178.24897399999998,99.99656711785084,6.7,40
1783,55.887563,0.052885,57.370602,64.937924,178.24897399999998,99.99656711785084,4.0,40
1784,59.991492,0.048248,57.890561,64.937924,182.868225,99.99656711785084,6.7,40
1785,59.991492,0.048248,57.890561,64.937924,182.868225,99.99656711785084,5.0,40
1786,59.991492,0.048248,57.890561,64.937924,182.868225,99.99656711785084,5.7,40
1787,57.678686,0.052562,57.890561,64.937924,180.559733,99.99656711785084,5.6,41
1788,57.678686,0.052562,57.890561,64.937924,180.559733,99.99656711785084,5.0,41
1789,57.678686,0.052562,57.890561,64.937924,180.559733,99.99656711785084,6.7,41
1790,60.008237,0.052562,57.890561,64.937924,182.88928399999998,99.99656711785084,4.1,41
1791,60.008237,0.052562,57.890561,64.937924,182.88928399999998,99.99656711785084,6.4,41
1792,58.270943,0.045849,57.890561,64.937924,181.145277,99.99656711785084,4.2,41
1793,58.270943,0.045849,51.646631,64.937924,174.901347,99.99656711785084,6.4,41
1794,58.270943,0.045849,51.646631,64.937924,174.901347,99.99656711785084,5.5,41
1795,58.270943,0.045849,51.646631,64.937924,174.901347,99.99656711785084,5.1,41
1796,60.788625,0.05971,51.646631,64.937924,177.43289,99.99656711785084,6.6,38
1797,60.788625,0.05971,51.646631,64.937924,177.43289,99.99656711785084,4.4,38
1798,60.788625,0.05971,51.646631,64.937924,177.43289,99.99656711785084,6.4,38
1799,56.046831,0.05971,51.646631,64.937924,172.69109600000002,99.99656711785084,3.9,38
1800,56.046831,0.05971,51.646631,64.937924,172.69109600000002,99.99656711785084,6.6,38
1801,56.046831,0.05971,51.646631,64.937924,172.69109600000002,99.99656711785084,4.6,38
1802,57.686146,0.05971,51.646631,64.937924,174.330411,99.99656711785084,6.2,38
1803,57.686146,0.05971,51.646631,64.937924,174.330411,99.99656711785084,4.9,38
1804,57.686146,0.05971,51.646631,64.937924,174.330411,99.99656711785084,5.2,38
1805,59.897734,0.05971,51.646631,64.937924,176.54199899999998,99.99656711785084,6.4,38
1806,59.897734,0.05971,51.646631,64.937924,176.54199899999998,99.99656711785084,4.0,38
1807,59.897734,0.05971,51.646631,64.937924,176.54199899999998,99.99656711785084,6.9,38
1808,57.667731,0.05971,51.646631,64.937924,174.31199600000002,99.99656711785084,4.0,38
1809,57.667731,0.05971,51.646631,64.937924,174.31199600000002,99.99656711785084,6.6,38
1810,63.108117,0.05971,51.646631,64.937924,179.752382,99.99656711785084,4.1,38
1811,63.108117,0.059444,51.646631,64.937924,179.752116,99.99656711785084,6.3,38
1812,63.108117,0.059444,51.646631,64.937924,179.752116,99.99656711785084,4.8,38
1813,49.94058,0.058556,51.646631,64.937924,166.583691,99.99656711785084,5.7,38
1814,49.94058,0.058556,53.770654,64.937924,168.707714,99.99656711785084,5.7,38
1815,49.94058,0.058556,53.770654,64.937924,168.707714,99.99656711785084,4.8,41
1816,49.94058,0.058556,53.770654,64.937924,168.707714,99.99656711785084,6.1,41
1817,57.978825,0.058556,53.770654,64.937924,176.745959,99.99656711785084,4.0,41
1818,57.978825,0.058556,53.770654,64.937924,176.745959,99.99656711785084,7.1,41
1819,58.402573,0.058556,53.770654,64.937924,177.16970700000002,99.99656711785084,5.2,41
1820,58.402573,0.064457,56.290433,56.755045,171.512508,99.99656711785084,5.9,41
1821,58.402573,0.064457,56.290433,56.755045,171.512508,99.99656711785084,6.0,41
1822,58.402573,0.064457,56.290433,56.755045,171.512508,99.99656711785084,4.2,41
1823,55.836386,0.064457,56.290433,56.755045,168.94632099999998,99.99656711785084,7.5,41
1824,55.836386,0.064457,56.290433,56.755045,168.94632099999998,99.99656711785084,3.8,41
1825,55.836386,0.064457,56.290433,56.755045,168.94632099999998,99.99656711785084,6.8,40
1826,59.8902,0.064457,56.290433,56.755045,173.000135,99.99656711785084,3.9,40
1827,59.8902,0.064457,56.290433,56.755045,173.000135,99.99656711785084,7.6,40
1828,54.944132,0.046787,56.290433,56.755045,168.036397,99.99656711785084,4.9,40
1829,54.944132,0.046787,52.906258,56.755045,164.652222,99.99656711785084,5.9,40
1830,54.944132,0.046787,52.906258,56.755045,164.652222,99.99656711785084,5.1,40
1831,58.192156,0.051318,56.371783,56.755045,171.370302,99.99656711785084,5.3,40
1832,58.192156,0.051318,56.371783,56.544242,171.15949899999998,99.99656711785084,6.6,40
1833,58.192156,0.051318,56.371783,56.544242,171.15949899999998,99.99656711785084,4.3,40
1834,55.72466,0.051318,56.371783,56.544242,168.692003,99.99656711785084,6.3,40
1835,55.72466,0.050679,56.371783,56.544242,168.691364,99.99656711785084,4.5,40
1836,55.72466,0.050679,56.371783,56.544242,168.691364,99.99656711785084,5.2,40
1837,58.615721,0.050679,56.371783,56.544242,171.582425,99.99656711785084,6.4,40
1838,58.615721,0.050679,56.371783,56.544242,171.582425,99.99656711785084,4.8,40
1839,58.615721,0.050679,56.371783,56.544242,171.582425,99.99656711785084,6.8,40
1840,55.406917,0.050679,56.371783,56.544242,168.373621,99.99656711785084,4.2,40
1841,55.406917,0.050679,56.371783,56.544242,168.373621,99.99656711785084,6.2,40
1842,55.406917,0.050679,56.371783,56.544242,168.373621,99.99656711785084,4.9,40
1843,58.671003,0.05151,56.747181,56.544242,172.013936,99.99656711785084,5.4,39
1844,58.671003,0.05151,56.747181,56.544242,172.013936,99.99656711785084,6.2,39
1845,58.671003,0.05151,56.747181,56.544242,172.013936,99.99656711785084,4.6,39
1846,55.971004,0.054002,56.747181,56.544242,169.316429,99.99656711785084,6.4,39
1847,55.971004,0.054002,56.747181,56.544242,169.316429,99.99656711785084,3.9,39
1848,55.971004,0.054002,56.747181,56.544242,169.316429,99.99656711785084,6.6,39
1849,69.169625,0.054002,56.747181,56.544242,182.51504999999997,99.99656711785084,4.2,39
1850,69.169625,0.054002,56.747181,56.544242,182.51504999999997,99.99656711785084,6.7,39
1851,69.169625,0.054002,56.747181,56.544242,182.51504999999997,99.99656711785084,4.9,39
1852,54.536247,0.054002,56.747181,56.544242,167.88167199999998,99.99656711785084,6.0,39
1853,54.536247,0.054002,56.747181,56.544242,167.88167199999998,99.99656711785084,5.1,39
1854,60.793157,0.054002,56.747181,56.544242,174.13858199999999,99.99656711785084,5.6,39
1855,60.793157,0.052953,56.747181,56.544242,174.137533,99.99656711785084,5.7,39
1856,60.793157,0.052953,56.747181,56.544242,174.137533,99.99656711785084,4.9,39
1857,64.290243,0.048034,56.747181,56.544242,177.6297,99.99656711785084,6.9,39
1858,64.290243,0.048034,55.413407,56.544242,176.295926,99.99656711785084,3.9,39
1859,64.290243,0.048034,55.413407,56.544242,176.295926,99.99656711785084,6.7,39
1860,64.290243,0.048034,55.413407,56.544242,176.295926,99.99656711785084,4.0,39
1861,70.159524,0.054242,55.413407,56.544242,182.171415,99.99656711785084,5.6,39
1862,70.159524,0.054242,55.413407,56.544242,182.171415,99.99656711785084,6.8,40
1863,70.159524,0.054242,55.413407,56.544242,182.171415,99.99656711785084,3.8,40
1864,59.20764,0.054242,55.413407,56.544242,171.219531,99.99656711785084,6.7,40
1865,59.20764,0.054242,55.413407,56.544242,171.219531,99.99656711785084,5.0,40
1866,59.20764,0.054242,55.413407,56.544242,171.219531,99.99656711785084,4.8,40
1867,59.20764,0.054242,55.413407,56.544242,171.219531,99.99656711785084,7.1,40
1868,58.407509,0.054242,55.413407,56.544242,170.4194,99.99656711785084,3.9,40
1869,58.407509,0.054242,55.413407,56.544242,170.4194,99.99656711785084,7.3,40
1870,58.407509,0.054242,55.413407,56.544242,170.4194,99.99656711785084,3.7,40
1871,59.148655,0.055493,52.002492,56.544242,167.750882,99.99656711785084,6.2,41
1872,59.148655,0.055493,52.002492,56.544242,167.750882,99.99656711785084,5.3,41
1873,59.148655,0.055493,52.002492,56.544242,167.750882,99.99656711785084,5.6,41
1874,59.148655,0.055493,52.002492,56.544242,167.750882,99.99656711785084,5.4,41
1875,64.566267,0.055493,52.002492,56.544242,173.16849399999998,99.99656711785084,4.4,41
1876,64.566267,0.055493,52.002492,56.544242,173.16849399999998,99.99656711785084,6.3,41
1877,62.587125,0.045724,52.002492,56.544242,171.17958299999998,99.99656711785084,5.1,41
1878,62.587125,0.045724,52.944547,56.544242,172.121638,99.99656711785084,5.3,41
1879,62.587125,0.045724,52.944547,56.544242,172.121638,99.99656711785084,6.0,41
1880,57.989482,0.048641,52.944547,56.544242,167.526912,99.99656711785084,4.2,41
1881,57.989482,0.048641,52.234946,56.544242,166.81731100000002,99.99656711785084,6.8,38
1882,57.989482,0.048641,52.234946,56.544242,166.81731100000002,99.99656711785084,3.4,38
1883,57.989482,0.048641,52.234946,56.544242,166.81731100000002,99.99656711785084,6.8,38
1884,57.989482,0.048641,52.234946,56.544242,166.81731100000002,99.99656711785084,3.4,38
1885,57.989482,0.048641,52.234946,56.544242,166.81731100000002,99.99656711785084,7.1,38
1886,68.896411,0.048641,52.234946,56.544242,177.72424,99.99656711785084,5.0,38
1887,51.245584,0.060463,49.436512,49.802362,150.544921,99.95028023284958,4.8,38
1888,59.666419,0.045107,57.63873,58.041905,175.392161,99.96279534701377,6.6,38
1889,60.594105,0.04992,58.705281,59.024224,178.37353,100.01153633071576,4.2,38
1890,59.777218,0.048343,57.968132,58.352901,176.146594,99.97049720671683,7.1,41
1891,58.192542,0.063765,55.588498,55.887586,169.732391,99.94492784613358,3.9,41
1892,58.192542,0.063765,55.588498,55.887586,169.732391,99.94492784613358,6.2,41
1893,69.980401,0.064056,67.677843,68.008107,205.73040699999999,99.96051959318147,5.2,41
1894,65.807506,0.064729,63.265214,63.592119,192.729568,99.97549900445898,5.4,41
1895,68.000169,0.068171,65.363802,65.914985,199.347127,99.96361024696179,5.8,41
1896,58.688279,0.054229,56.745346,57.274039,172.761893,99.9537144334573,4.6,41
1897,68.267058,0.070492,66.052982,66.454079,200.844611,100.01239553630276,6.6,41
1898,54.172354,0.053719,52.148644,52.502198,158.876915,99.96900810795142,4.1,41
1899,59.721589,0.044907,58.009485,58.418517,176.194498,100.01689735472358,7.0,37
1900,53.465318,0.052209,51.040888,51.415663,155.974078,99.94680231499981,3.7,37
1901,67.661962,0.06702,65.112239,65.516873,198.35809400000002,100.00252506375786,6.6,37
1902,65.629578,0.065653,63.257457,63.714981,192.667669,100.00525277590206,3.9,37
1903,59.069132,0.055537,57.042398,57.50685,173.67391700000002,99.96724073521108,6.0,37
1904,66.499378,0.070855,63.269986,63.579224,193.419443,99.93837899489554,6.0,37
1905,69.933203,0.053785,67.35871,67.720927,205.06662500000004,99.99690609572541,4.4,37
1906,62.216276,0.047608,60.430166,60.818573,183.51262300000002,99.99792954286882,6.1,37
1907,64.340447,0.058874,61.951621,62.337366,188.688308,99.96898012531202,4.2,37
1908,56.620409,0.077024,54.130786,54.516969,165.345188,99.99522822770898,6.0,37
1909,,,,,,,5.4,39
1910,,,,,,,5.0,39
1911,,,,,,,6.2,39
1912,,,,,,,4.2,39
1913,,,,,,,6.2,39
1914,,,,,,,4.1,39
1915,,,,,,,6.4,39
1916,,,,,,,5.0,39
1917,,,,,,,5.6,39
1918,,,,,,,5.8,41
1919,,,,,,,4.6,41
1920,,,,,,,6.2,41
1921,,,,,,,4.2,41
1922,,,,,,,6.2,41
1923,,,,,,,4.9,41
1924,,,,,,,5.4,41
1925,,,,,,,6.9,41
1926,,,,,,,3.8,41
1927,,,,,,,6.8,39
1928,,,,,,,3.7,39
1929,,,,,,,6.6,39
1930,,,,,,,4.7,39
1931,,,,,,,5.3,39
1932,,,,,,,6.0,39
1933,,,,,,,4.4,39
1934,,,,,,,6.3,39
1935,,,,,,,4.0,39
1936,,,,,,,7.8,37
1937,,,,,,,3.6,37
1938,,,,,,,6.4,37
1939,,,,,,,5.1,37
1940,,,,,,,5.3,37
1941,,,,,,,6.0,37
1942,,,,,,,4.8,37
1943,,,,,,,6.7,37
1944,,,,,,,4.6,37
1945,,,,,,,6.6,37
1946,,,,,,,3.4,39
1947,,,,,,,7.0,39
1948,,,,,,,4.5,39
1949,,,,,,,5.8,39
1950,,,,,,,5.0,39
1951,,,,,,,5.1,39
1952,,,,,,,6.6,39
1953,,,,,,,4.0,39
1954,,,,,,,7.3,39
1955,,,,,,,4.0,41
1956,,,,,,,6.5,41
1957,,,,,,,3.8,41
1958,,,,,,,6.2,41
1959,,,,,,,5.2,41
1960,,,,,,,5.7,41
1961,,,,,,,5.1,41
1962,,,,,,,5.0,41
1963,,,,,,,5.9,41
1964,,,,,,,4.3,37
1965,,,,,,,6.8,37
1966,,,,,,,4.1,37
1967,,,,,,,5.9,37
1968,,,,,,,6.0,37
1969,,,,,,,4.0,37
1970,,,,,,,6.4,37
1971,,,,,,,4.5,37
1972,,,,,,,5.2,37
1973,,,,,,,5.9,37
1974,,,,,,,4.7,37
1975,,,,,,,5.7,37
1976,,,,,,,4.9,37
1977,,,,,,,5.4,37
1978,,,,,,,5.5,37
1979,,,,,,,5.1,37
1980,,,,,,,5.7,37
1981,,,,,,,4.2,37
1982,,,,,,,5.7,37
1983,,,,,,,5.3,38
1984,,,,,,,4.7,38
1985,,,,,,,6.2,38
1986,,,,,,,3.9,38
1987,,,,,,,6.6,38
1988,,,,,,,3.9,38
1989,,,,,,,6.6,38
1990,,,,,,,5.1,38
1991,,,,,,,5.4,38
1992,,,,,,,5.8,40
1993,,,,,,,4.5,40
1994,,,,,,,6.3,40
1995,,,,,,,4.0,40
1996,,,,,,,6.5,40
1997,,,,,,,3.6,40
1998,,,,,,,6.5,40
1999,,,,,,,4.9,40
2000,,,,,,,5.1,40
2001,,,,,,,6.1,40
2002,,,,,,,4.2,37
2003,,,,,,,6.7,37
2004,,,,,,,4.1,37
2005,,,,,,,7.2,37
2006,,,,,,,3.7,37
2007,,,,,,,8.4,37
2008,,,,,,,4.5,37
2009,,,,,,,7.1,37
2010,,,,,,,6.1,37
2011,,,,,,,5.3,38
2012,,,,,,,6.9,38
2013,,,,,,,5.4,38
2014,,,,,,,5.5,38
2015,,,,,,,5.8,38
2016,,,,,,,6.9,38
2017,,,,,,,6.1,38
2018,,,,,,,5.7,38
2019,,,,,,,5.5,38
2020,,,,,,,5.9,39
2021,,,,,,,5.8,39
2022,,,,,,,5.8,39
2023,,,,,,,4.3,39
2024,,,,,,,5.5,39
2025,,,,,,,6.4,39
2026,,,,,,,6.5,39
2027,,,,,,,4.9,39
2028,,,,,,,7.6,39
2029,,,,,,,6.0,35
2030,,,,,,,5.7,35
2031,,,,,,,5.8,35
2032,,,,,,,5.6,35
2033,,,,,,,6.4,35
2034,,,,,,,5.6,35
2035,,,,,,,5.3,35
2036,,,,,,,5.8,35
2037,,,,,,,5.4,35
2038,,,,,,,5.8,35
2039,,,,,,,5.3,36
2040,,,,,,,7.0,36
2041,,,,,,,5.8,36
2042,,,,,,,7.3,36
2043,,,,,,,5.0,36
2044,,,,,,,4.9,36
2045,,,,,,,6.4,36
2046,,,,,,,4.6,36
2047,,,,,,,5.9,36
2048,,,,,,,6.1,37
2049,,,,,,,4.7,37
2050,,,,,,,6.3,37
2051,,,,,,,4.0,37
2052,,,,,,,6.1,37
2053,,,,,,,5.5,37
2054,,,,,,,4.6,37
2055,,,,,,,6.4,37
2056,,,,,,,3.9,37
2057,,,,,,,7.6,37
2058,,,,,,,4.2,37
2059,,,,,,,6.6,37
2060,,,,,,,4.0,37
2061,,,,,,,6.7,37
2062,,,,,,,5.7,37
2063,,,,,,,4.3,37
2064,,,,,,,6.7,37
2065,,,,,,,3.4,37
2066,,,,,,,6.8,37
2067,,,,,,,3.9,38
2068,,,,,,,6.4,38
2069,,,,,,,5.6,38
2070,,,,,,,4.9,38
2071,,,,,,,6.6,38
2072,,,,,,,3.8,38
2073,,,,,,,6.8,38
2074,,,,,,,4.0,38
2075,,,,,,,6.7,38
2076,,,,,,,4.9,40
2077,,,,,,,5.6,40
2078,,,,,,,5.6,40
2079,,,,,,,4.9,40
2080,,,,,,,6.4,40
2081,,,,,,,3.9,40
2082,,,,,,,5.8,40
2083,,,,,,,5.8,40
2084,,,,,,,4.7,40
2085,,,,,,,6.3,39
2086,,,,,,,4.4,39
2087,,,,,,,6.6,39
2088,,,,,,,3.7,39
2089,,,,,,,6.8,39
2090,,,,,,,3.9,39
2091,,,,,,,6.6,39
2092,,,,,,,5.2,39
2093,,,,,,,5.9,39
2094,,,,,,,5.7,39
2095,,,,,,,4.9,39
2096,,,,,,,6.6,39
2097,,,,,,,4.0,39
2098,,,,,,,6.4,39
2099,,,,,,,3.8,39
2100,,,,,,,7.5,39
2101,,,,,,,6.0,39
2102,,,,,,,7.0,39
2103,,,,,,,5.7,39
2104,,,,,,,6.0,39
2105,,,,,,,6.0,39
2106,,,,,,,5.7,39
2107,,,,,,,5.9,39
2108,,,,,,,5.5,39
2109,,,,,,,6.5,39
2110,,,,,,,4.3,39
2111,,,,,,,5.9,39
2112,,,,,,,6.0,39
2113,,,,,,,6.0,41
2114,,,,,,,5.3,41
2115,,,,,,,4.7,41
2116,,,,,,,6.3,41
2117,,,,,,,5.2,41
2118,,,,,,,5.6,41
2119,,,,,,,5.5,41
2120,,,,,,,6.2,41
2121,,,,,,,5.4,41
2122,,,,,,,5.7,38
2123,,,,,,,5.8,38
2124,,,,,,,5.5,38
2125,,,,,,,6.0,38
2126,,,,,,,6.0,38
2127,,,,,,,4.3,38
2128,,,,,,,5.7,38
2129,,,,,,,5.3,38
2130,,,,,,,5.0,38
2131,,,,,,,5.7,38
2132,,,,,,,5.4,39
2133,,,,,,,6.2,39
2134,,,,,,,4.1,39
2135,,,,,,,5.9,39
2136,,,,,,,5.6,39
2137,,,,,,,5.1,39
2138,,,,,,,5.7,39
2139,,,,,,,4.9,39
2140,,,,,,,6.3,39
2141,,,,,,,3.8,38
2142,,,,,,,5.9,38
2143,,,,,,,6.2,38
2144,,,,,,,4.4,38
2145,,,,,,,6.2,38
2146,,,,,,,4.2,38
2147,,,,,,,6.2,38
2148,,,,,,,4.4,38
2149,,,,,,,6.0,38
2150,,,,,,,5.4,39
2151,,,,,,,5.5,39
2152,,,,,,,6.0,39
2153,,,,,,,4.5,39
2154,,,,,,,6.2,39
2155,,,,,,,4.3,39
2156,,,,,,,6.2,39
2157,,,,,,,5.6,39
2158,,,,,,,5.2,39
2159,,,,,,,6.0,39
2160,,,,,,,4.5,36
2161,,,,,,,6.0,36
2162,,,,,,,4.0,36
2163,,,,,,,6.6,36
2164,,,,,,,4.0,36
2165,,,,,,,6.4,36
2166,,,,,,,4.5,36
2167,,,,,,,6.0,36
2168,,,,,,,5.4,36
2169,,,,,,,5.0,39
2170,,,,,,,6.6,39
2171,,,,,,,4.0,39
2172,,,,,,,6.1,39
2173,,,,,,,5.2,40
2174,,,,,,,5.9,40
2175,,,,,,,6.2,40
2176,,,,,,,4.4,40
2177,,,,,,,5.8,40
2178,,,,,,,5.4,40
2179,,,,,,,5.0,36
2180,,,,,,,5.9,36
2181,,,,,,,4.7,36
2182,,,,,,,7.2,36
2183,,,,,,,3.7,36
2184,,,,,,,6.5,41
2185,,,,,,,5.2,41
2186,,,,,,,5.4,41
2187,,,,,,,6.1,41
2188,,,,,,,4.4,41
2189,,,,,,,6.1,41
2190,,,,,,,4.3,41
2191,,,,,,,6.5,38
2192,,,,,,,4.8,38
2193,,,,,,,5.6,38
2194,,,,,,,5.7,38
2195,,,,,,,5.4,38
2196,,,,,,,6.6,38
2197,,,,,,,4.8,38
2198,,,,,,,7.0,38
2199,,,,,,,5.2,38
2200,,,,,,,7.0,38
2201,,,,,,,5.5,38
2202,,,,,,,5.7,38
2203,,,,,,,5.6,38
2204,,,,,,,5.5,37
2205,,,,,,,6.1,37
2206,,,,,,,5.3,37
2207,,,,,,,5.7,37
2208,,,,,,,6.8,37
2209,,,,,,,5.7,37
2210,,,,,,,5.4,37
2211,,,,,,,6.8,41
2212,,,,,,,4.7,41
2213,,,,,,,5.8,41
2214,,,,,,,5.5,41
2215,,,,,,,5.7,41
2216,,,,,,,6.1,41
2217,,,,,,,5.8,41
2218,,,,,,,5.6,35
2219,,,,,,,5.9,35
2220,,,,,,,5.5,35
2221,,,,,,,5.6,35
2222,,,,,,,5.7,35
2223,,,,,,,5.4,35
2224,,,,,,,6.2,35
2225,,,,,,,4.6,35
2226,,,,,,,6.0,35
2227,,,,,,,6.2,40
2228,,,,,,,5.5,40
2229,,,,,,,6.3,40
2230,,,,,,,5.5,40
2231,,,,,,,5.1,40
2232,,,,,,,5.8,40
2233,,,,,,,5.9,40
2234,,,,,,,6.5,40
2235,,,,,,,6.8,40
2236,,,,,,,5.1,38
2237,,,,,,,5.4,38
2238,,,,,,,5.7,38
2239,,,,,,,5.6,38
2240,,,,,,,6.0,38
2241,,,,,,,4.0,38
2242,,,,,,,6.8,38
2243,,,,,,,5.4,38
2244,,,,,,,5.3,38
2245,,,,,,,5.7,40
2246,,,,,,,5.1,40
2247,,,,,,,6.6,40
2248,,,,,,,5.5,40
2249,,,,,,,5.0,40
2250,,,,,,,5.9,40
2251,,,,,,,6.0,40
2252,,,,,,,5.6,40
2253,,,,,,,5.7,40
2254,,,,,,,5.3,40
2255,,,,,,,5.8,38
2256,,,,,,,5.4,38
2257,,,,,,,6.2,38
2258,,,,,,,6.5,38
2259,,,,,,,5.7,38
2260,,,,,,,4.0,38
2261,,,,,,,6.3,38
2262,,,,,,,4.2,38
2263,,,,,,,6.1,38
2264,,,,,,,5.7,37
2265,,,,,,,4.0,37
2266,,,,,,,6.9,37
2267,,,,,,,3.9,37
2268,,,,,,,6.6,37
2269,,,,,,,5.4,37
2270,,,,,,,5.0,37
2271,,,,,,,6.4,37
2272,,,,,,,4.0,37
2273,,,,,,,5.8,41
2274,,,,,,,5.6,41
2275,,,,,,,4.1,41
2276,,,,,,,6.9,41
2277,,,,,,,3.9,41
2278,,,,,,,6.6,41
2279,,,,,,,5.2,41
2280,,,,,,,5.3,37
2281,,,,,,,5.7,37
2282,,,,,,,4.8,37
2283,,,,,,,6.4,37
2284,,,,,,,4.0,37
2285,,,,,,,6.1,37
2286,,,,,,,5.5,37
2287,,,,,,,4.4,37
2288,,,,,,,6.5,37
2289,,,,,,,3.8,37
2290,,,,,,,7.3,37
2291,,,,,,,5.0,37
2292,,,,,,,5.4,39
2293,,,,,,,5.5,39
2294,,,,,,,5.1,39
2295,,,,,,,6.8,39
2296,,,,,,,3.9,39
2297,,,,,,,6.7,39
2298,,,,,,,4.0,39
2299,,,,,,,6.6,39
2300,,,,,,,3.8,39
2301,,,,,,,5.9,39
2302,,,,,,,5.4,39
2303,,,,,,,4.9,39
2304,,,,,,,6.5,39
2305,,,,,,,4.0,39
2306,,,,,,,5.9,39
2307,,,,,,,5.1,38
2308,,,,,,,5.7,38
2309,,,,,,,6.1,38
2310,,,,,,,4.8,38
2311,,,,,,,6.5,38
2312,,,,,,,3.8,38
2313,,,,,,,6.7,38
2314,,,,,,,3.7,38
2315,,,,,,,6.6,39
2316,,,,,,,4.6,39
2317,,,,,,,5.4,39
2318,,,,,,,5.0,39
2319,,,,,,,5.2,39
2320,,,,,,,6.3,39
2321,,,,,,,4.3,39
2322,,,,,,,6.9,39
2323,,,,,,,4.1,39
2324,,,,,,,6.1,39
2325,,,,,,,5.2,39
2326,,,,,,,5.2,39
2327,,,,,,,5.4,39
2328,,,,,,,4.5,39
2329,,,,,,,6.5,39
2330,,,,,,,3.9,39
2331,,,,,,,6.2,39
2332,,,,,,,5.3,39
2333,,,,,,,5.6,37
2334,,,,,,,5.7,37
2335,,,,,,,4.3,37
2336,,,,,,,6.5,37
2337,,,,,,,3.7,37
2338,,,,,,,6.4,37
2339,,,,,,,5.1,37
2340,,,,,,,5.2,37
2341,,,,,,,5.4,37
2342,,,,,,,4.3,37
2343,,,,,,,6.3,38
2344,,,,,,,5.0,38
2345,,,,,,,5.3,38
2346,,,,,,,5.6,38
2347,,,,,,,4.9,38
2348,,,,,,,6.0,38
2349,,,,,,,5.1,38
2350,,,,,,,4.9,38
2351,,,,,,,6.8,38
2352,,,,,,,3.7,38
2353,,,,,,,7.0,38
2354,,,,,,,3.8,38
2355,,,,,,,6.4,38
2356,,,,,,,4.9,38
2357,,,,,,,5.5,38
2358,,,,,,,6.0,38
2359,,,,,,,4.7,38
2360,,,,,,,6.4,38
2361,,,,,,,3.8,38
2362,,,,,,,6.2,38
2363,,,,,,,5.4,38
2364,,,,,,,5.3,38
2365,,,,,,,6.6,38
2366,,,,,,,4.0,38
2367,,,,,,,7.3,38
2368,,,,,,,4.0,38
2369,,,,,,,6.1,38
2370,,,,,,,4.3,38
2371,,,,,,,6.1,38
2372,,,,,,,5.2,38
2373,,,,,,,5.6,38
2374,,,,,,,5.7,38
2375,,,,,,,5.9,38
2376,,,,,,,7.4,38
2377,,,,,,,4.7,38
2378,,,,,,,5.5,38
2379,,,,,,,7.4,38
2380,,,,,,,5.4,40
2381,,,,,,,5.4,40
2382,,,,,,,5.4,40
2383,,,,,,,7.0,40
2384,,,,,,,5.6,40
2385,,,,,,,5.9,40
2386,,,,,,,5.8,40
2387,,,,,,,6.3,40
2388,,,,,,,5.4,40
2389,,,,,,,5.9,38
2390,,,,,,,5.8,38
2391,,,,,,,6.0,38
2392,,,,,,,5.7,38
2393,,,,,,,5.2,38
2394,,,,,,,5.3,38
2395,,,,,,,5.8,32
2396,,,,,,,5.2,32
2397,,,,,,,6.7,32
2398,,,,,,,3.7,32
2399,,,,,,,6.5,32
2400,,,,,,,4.8,32
2401,,,,,,,5.7,32
2402,,,,,,,5.0,38
2403,,,,,,,5.2,38
2404,,,,,,,6.8,38
2405,,,,,,,4.3,38
2406,,,,,,,6.4,38
2407,,,,,,,3.8,38
2408,,,,,,,6.6,38
2409,,,,,,,4.8,37
2410,,,,,,,5.6,37
2411,,,,,,,5.4,37
2412,,,,,,,4.4,37
2413,,,,,,,6.4,37
2414,,,,,,,4.4,39
2415,,,,,,,6.7,39
2416,,,,,,,3.9,39
2417,,,,,,,7.4,39
2418,,,,,,,4.7,39
2419,,,,,,,5.3,39
2420,,,,,,,6.4,37
2421,,,,,,,4.4,37
2422,,,,,,,7.1,37
2423,,,,,,,3.7,37
2424,,,,,,,5.9,37
2425,,,,,,,4.8,37
2426,,,,,,,5.9,37
2427,,,,,,,5.5,37
2428,,,,,,,4.6,37
2429,,,,,,,7.0,37
2430,,,,,,,4.0,37
2431,,,,,,,7.0,37
2432,,,,,,,4.9,37
2433,,,,,,,5.4,39
2434,,,,,,,5.0,39
2435,,,,,,,5.2,39
2436,,,,,,,6.8,39
2437,,,,,,,4.1,39
2438,,,,,,,6.1,39
2439,,,,,,,5.4,39
2440,,,,,,,5.3,38
2441,,,,,,,6.5,38
2442,,,,,,,4.6,38
2443,,,,,,,6.8,38
2444,,,,,,,3.8,38
2445,,,,,,,6.7,38
2446,,,,,,,4.8,36
2447,,,,,,,5.6,36
2448,,,,,,,6.0,36
2449,,,,,,,3.7,36
2450,,,,,,,7.0,36
2451,,,,,,,3.6,36
2452,,,,,,,6.9,36
2453,,,,,,,5.1,42
2454,,,,,,,4.9,42
2455,,,,,,,6.3,42
2456,,,,,,,4.1,42
2457,,,,,,,6.4,42
2458,,,,,,,5.2,42
2459,,,,,,,4.9,41
2460,,,,,,,6.4,41
2461,,,,,,,3.9,41
2462,,,,,,,6.2,41
2463,,,,,,,4.9,41
2464,,,,,,,5.8,41
2465,,,,,,,5.3,41
2466,,,,,,,4.9,38
2467,,,,,,,6.6,38
2468,,,,,,,3.9,38
2469,,,,,,,6.5,38
2470,,,,,,,5.4,38
2471,,,,,,,5.4,38
2472,,,,,,,5.6,38
2473,,,,,,,5.2,37
2474,,,,,,,6.6,37
2475,,,,,,,3.7,37
2476,,,,,,,6.6,37
2477,,,,,,,4.6,37
2478,,,,,,,5.8,37
2479,,,,,,,5.1,38
2480,,,,,,,5.5,38
2481,,,,,,,5.4,38
2482,,,,,,,5.1,38
2483,,,,,,,6.6,38
2484,,,,,,,3.6,38
2485,,,,,,,6.8,38
2486,,,,,,,4.1,38
2487,,,,,,,6.5,38
2488,,,,,,,4.5,40
2489,,,,,,,5.7,40
2490,,,,,,,5.0,40
2491,,,,,,,4.7,40
2492,,,,,,,6.0,40
2493,,,,,,,4.7,40
2494,,,,,,,5.9,40
2495,,,,,,,3.9,40
2496,,,,,,,6.2,40
2497,,,,,,,4.6,40
2498,,,,,,,5.5,33
2499,,,,,,,6.1,33
2500,,,,,,,3.9,33
2501,,,,,,,6.5,33
2502,,,,,,,5.7,33
2503,,,,,,,5.1,33
2504,,,,,,,5.7,33
2505,,,,,,,4.4,33
2506,,,,,,,6.5,33
2507,,,,,,,5.1,37
2508,,,,,,,5.6,37
2509,,,,,,,5.6,37
2510,,,,,,,4.6,37
2511,,,,,,,6.5,37
2512,,,,,,,3.8,37
2513,,,,,,,7.0,37
2514,,,,,,,3.9,37
2515,,,,,,,6.7,37
2516,,,,,,,4.7,40
2517,,,,,,,5.3,40
2518,,,,,,,5.7,40
2519,,,,,,,4.9,40
2520,,,,,,,6.1,40
2521,,,,,,,3.7,40
2522,,,,,,,7.2,40
2523,,,,,,,4.5,40
2524,,,,,,,5.8,40
2525,,,,,,,5.3,40
2526,,,,,,,4.1,40
2527,,,,,,,6.6,40
2528,,,,,,,4.0,40
2529,,,,,,,7.1,40
2530,,,,,,,3.8,40
2531,,,,,,,6.8,40
2532,,,,,,,5.0,40
2533,,,,,,,5.2,40
2534,,,,,,,6.1,40
2535,,,,,,,4.5,37
2536,,,,,,,6.6,37
2537,,,,,,,3.7,37
2538,,,,,,,6.5,37
2539,,,,,,,4.1,37
2540,,,,,,,6.2,37
2541,,,,,,,5.2,37
2542,,,,,,,5.1,37
2543,,,,,,,5.9,37
2544,,,,,,,4.0,38
2545,,,,,,,6.4,38
2546,,,,,,,4.5,38
2547,,,,,,,5.2,38
2548,,,,,,,6.5,38
2549,,,,,,,3.8,38
2550,,,,,,,6.5,38
2551,,,,,,,4.8,38
2552,,,,,,,5.0,38
2553,,,,,,,6.6,37
2554,,,,,,,3.9,37
2555,,,,,,,7.2,37
2556,,,,,,,3.8,37
2557,,,,,,,6.5,37
2558,,,,,,,4.9,37
2559,,,,,,,5.4,37
2560,,,,,,,5.5,37
2561,,,,,,,4.9,37
2562,,,,,,,6.0,39
2563,,,,,,,4.8,39
2564,,,,,,,5.1,39
2565,,,,,,,5.8,39
2566,,,,,,,5.1,39
2567,,,,,,,6.8,39
2568,,,,,,,4.3,39
2569,,,,,,,6.1,39
2570,,,,,,,4.0,39
2571,,,,,,,7.0,39
2572,,,,,,,4.0,37
2573,,,,,,,5.9,37
2574,,,,,,,4.7,37
2575,,,,,,,7.1,37
2576,,,,,,,6.2,37
2577,,,,,,,5.8,37
2578,,,,,,,6.4,37
2579,,,,,,,5.6,37
2580,,,,,,,5.7,37
2581,,,,,,,5.0,41
2582,,,,,,,6.4,41
2583,,,,,,,5.3,41
2584,,,,,,,6.4,41
2585,,,,,,,5.2,41
2586,,,,,,,6.3,41
2587,,,,,,,5.3,41
2588,,,,,,,5.4,41
2589,,,,,,,6.1,41
2590,,,,,,,5.4,39
2591,,,,,,,5.4,39
2592,,,,,,,6.1,39
2593,,,,,,,4.0,39
2594,,,,,,,6.5,39
2595,,,,,,,4.0,39
2596,,,,,,,6.5,39
2597,,,,,,,4.9,39
2598,,,,,,,6.0,39
2599,,,,,,,5.5,37
2600,,,,,,,5.4,37
2601,,,,,,,5.9,37
2602,,,,,,,3.7,37
2603,,,,,,,6.5,37
2604,,,,,,,5.6,37
2605,,,,,,,5.3,37
2606,,,,,,,5.8,37
2607,,,,,,,4.9,37
2608,,,,,,,6.7,37
2609,,,,,,,4.1,38
2610,,,,,,,6.8,38
2611,,,,,,,4.0,38
2612,,,,,,,6.5,38
2613,,,,,,,5.5,38
2614,,,,,,,4.0,38
2615,,,,,,,6.5,41
2616,,,,,,,3.7,41
2617,,,,,,,6.5,41
2618,,,,,,,4.8,41
2619,,,,,,,5.0,37
2620,,,,,,,6.7,37
2621,,,,,,,3.7,37
2622,,,,,,,5.9,37
2623,,,,,,,5.4,37
2624,,,,,,,4.9,37
2625,,,,,,,6.0,37
2626,,,,,,,4.4,38
2627,,,,,,,6.7,38
2628,,,,,,,5.4,38
2629,,,,,,,5.0,38
2630,,,,,,,6.1,38
2631,,,,,,,4.0,38
2632,,,,,,,6.5,37
2633,,,,,,,3.6,37
2634,,,,,,,7.1,37
2635,,,,,,,3.8,37
2636,,,,,,,6.8,37
2637,,,,,,,5.2,37
2638,,,,,,,4.6,37
2639,,,,,,,6.7,37
2640,,,,,,,4.0,37
2641,,,,,,,7.1,37
2642,,,,,,,3.8,37
2643,,,,,,,6.5,37
2644,,,,,,,4.8,37
2645,,,,,,,5.8,37
2646,,,,,,,5.7,37
2647,,,,,,,4.8,37
2648,,,,,,,6.2,37
2649,,,,,,,3.8,37
2650,,,,,,,6.5,37
2651,,,,,,,4.5,41
2652,,,,,,,6.1,41
2653,,,,,,,5.5,41
2654,,,,,,,4.9,41
2655,,,,,,,6.7,41
2656,,,,,,,4.0,41
2657,,,,,,,6.5,41
2658,,,,,,,4.2,41
2659,,,,,,,5.9,41
2660,,,,,,,4.9,41
2661,,,,,,,5.4,36
2662,,,,,,,6.0,36
2663,,,,,,,4.0,36
2664,,,,,,,5.6,36
2665,,,,,,,5.0,36
2666,,,,,,,5.7,36
2667,,,,,,,5.3,36
2668,,,,,,,5.0,36
2669,,,,,,,5.6,36
2670,,,,,,,4.2,37
2671,,,,,,,6.7,37
2672,,,,,,,4.9,37
2673,,,,,,,5.6,37
2674,,,,,,,6.1,37
2675,,,,,,,3.8,37
2676,,,,,,,7.4,37
2677,,,,,,,4.6,37
2678,,,,,,,7.8,37
2679,,,,,,,4.1,39
2680,,,,,,,7.8,39
2681,,,,,,,5.2,39
2682,,,,,,,6.3,39
2683,,,,,,,5.6,39
2684,,,,,,,6.6,39
2685,,,,,,,5.2,39
2686,,,,,,,5.7,39
2687,,,,,,,5.6,39
2688,,,,,,,5.4,39
2689,,,,,,,6.2,41
2690,,,,,,,5.6,41
2691,,,,,,,4.9,41
2692,,,,,,,6.0,41
2693,,,,,,,4.1,41
2694,,,,,,,6.9,41
2695,,,,,,,4.6,41
2696,,,,,,,6.1,41
2697,,,,,,,5.7,41
2698,,,,,,,5.5,38
2699,,,,,,,5.6,38
2700,,,,,,,4.5,38
2701,,,,,,,6.9,38
2702,,,,,,,3.6,38
2703,,,,,,,6.5,38
2704,,,,,,,6.0,38
2705,,,,,,,4.4,38
2706,,,,,,,5.9,38
2707,,,,,,,4.8,40
2708,,,,,,,5.6,40
2709,,,,,,,5.7,40
2710,,,,,,,4.5,40
2711,,,,,,,6.6,40
2712,,,,,,,3.8,40
2713,,,,,,,6.3,40
2714,,,,,,,5.4,40
2715,,,,,,,5.2,40
2716,,,,,,,5.1,40
2717,,,,,,,5.4,36
2718,,,,,,,6.7,36
2719,,,,,,,3.8,36
2720,,,,,,,6.7,36
2721,,,,,,,5.3,36
2722,,,,,,,5.2,36
2723,,,,,,,6.3,36
2724,,,,,,,3.6,36
2725,,,,,,,6.5,36
2726,,,,,,,5.1,34
2727,,,,,,,4.8,34
2728,,,,,,,6.7,34
2729,,,,,,,4.0,34
2730,,,,,,,6.3,34
2731,,,,,,,4.7,34
2732,,,,,,,5.5,34
2733,,,,,,,6.0,34
2734,,,,,,,6.4,34
2735,,,,,,,6.4,34
2736,,,,,,,4.4,40
2737,,,,,,,6.5,40
2738,,,,,,,5.6,40
2739,,,,,,,4.5,40
2740,,,,,,,6.0,40
2741,,,,,,,4.1,40
2742,,,,,,,7.3,40
2743,,,,,,,3.6,40
2744,,,,,,,7.0,40
2745,,,,,,,5.4,34
2746,,,,,,,5.9,34
2747,,,,,,,5.5,34
2748,,,,,,,4.8,34
2749,,,,,,,6.5,34
2750,,,,,,,4.1,34
2751,,,,,,,6.6,34
2752,,,,,,,4.7,34
2753,,,,,,,5.4,34
2754,,,,,,,6.3,39
2755,,,,,,,3.8,39
2756,,,,,,,6.6,39
2757,,,,,,,3.7,39
2758,,,,,,,6.6,39
2759,,,,,,,4.9,39
2760,,,,,,,5.8,39
2761,,,,,,,5.1,39
2762,,,,,,,4.7,39
2763,,,,,,,6.5,37
2764,,,,,,,3.9,37
2765,,,,,,,6.2,37
2766,,,,,,,4.4,37
2767,,,,,,,5.8,37
2768,,,,,,,5.6,37
2769,,,,,,,5.3,37
2770,,,,,,,5.2,37
2771,,,,,,,5.3,37
2772,,,,,,,5.8,37
2773,,,,,,,4.6,39
2774,,,,,,,6.2,39
2775,,,,,,,3.8,39
2776,,,,,,,6.3,39
2777,,,,,,,5.8,39
2778,,,,,,,5.0,39
2779,,,,,,,6.0,39
2780,,,,,,,4.2,39
2781,,,,,,,6.4,39
2782,,,,,,,5.1,38
2783,,,,,,,5.4,38
2784,,,,,,,6.3,38
2785,,,,,,,4.3,38
2786,,,,,,,7.9,38
2787,,,,,,,4.1,38
2788,,,,,,,7.5,38
2789,,,,,,,3.8,38
2790,,,,,,,6.5,38
2791,,,,,,,5.8,38
2792,,,,,,,5.6,39
2793,,,,,,,4.1,39
2794,,,,,,,6.3,39
2795,,,,,,,5.2,39
2796,,,,,,,5.5,39
2797,,,,,,,6.5,39
2798,,,,,,,5.2,39
2799,,,,,,,5.3,39
2800,,,,,,,5.4,39
2801,,,,,,,6.8,41
2802,,,,,,,5.8,41
2803,,,,,,,5.5,41
2804,,,,,,,5.5,41
2805,,,,,,,6.1,41
2806,,,,,,,6.1,41
2807,,,,,,,5.2,41
2808,,,,,,,4.4,41
2809,,,,,,,6.6,41
2810,,,,,,,5.4,41
2811,,,,,,,5.1,38
2812,,,,,,,5.5,38
2813,,,,,,,6.0,38
2814,,,,,,,6.4,38
2815,,,,,,,5.8,38
2816,,,,,,,6.0,38
2817,,,,,,,5.3,38
2818,,,,,,,6.7,38
2819,,,,,,,5.5,38
2820,,,,,,,5.9,37
2821,,,,,,,6.9,37
2822,,,,,,,5.5,37
2823,,,,,,,6.1,37
2824,,,,,,,5.6,37
2825,,,,,,,5.5,37
2826,,,,,,,6.3,37
2827,,,,,,,5.6,37
2828,,,,,,,5.8,37
2829,,,,,,,5.3,35
2830,,,,,,,5.2,35
2831,,,,,,,6.4,35
2832,,,,,,,5.2,35
2833,,,,,,,6.1,35
2834,,,,,,,6.5,35
2835,,,,,,,5.4,37
2836,,,,,,,6.7,37
2837,,,,,,,5.7,37
2838,,,,,,,4.4,37
2839,,,,,,,5.6,37
2840,,,,,,,5.2,37
2841,,,,,,,5.6,37
2842,,,,,,,5.8,40
2843,,,,,,,5.5,40
2844,,,,,,,5.7,40
2845,,,,,,,5.5,40
2846,,,,,,,6.1,40
2847,,,,,,,5.2,40
2848,,,,,,,5.4,40
2849,,,,,,,5.7,40
2850,,,,,,,5.2,40
2851,,,,,,,5.9,40
2852,,,,,,,6.7,36
2853,,,,,,,5.1,36
2854,,,,,,,6.2,36
2855,,,,,,,5.3,36
2856,,,,,,,5.5,36
2857,,,,,,,5.2,36
2858,,,,,,,6.7,36
2859,,,,,,,5.6,36
2860,,,,,,,5.8,36
2861,,,,,,,5.4,38
2862,,,,,,,6.0,38
2863,,,,,,,5.9,38
2864,,,,,,,5.3,38
2865,,,,,,,5.3,38
2866,,,,,,,6.0,38
2867,,,,,,,6.5,38
2868,,,,,,,5.3,38
2869,,,,,,,5.8,38
2870,,,,,,,6.2,41
2871,,,,,,,6.3,41
2872,,,,,,,5.8,41
2873,,,,,,,6.8,41
2874,,,,,,,4.0,41
2875,,,,,,,6.6,41
2876,,,,,,,5.7,41
2877,,,,,,,5.3,41
2878,,,,,,,6.8,41
2879,,,,,,,3.6,40
2880,,,,,,,6.7,40
2881,,,,,,,5.5,40
2882,,,,,,,5.2,40
2883,,,,,,,6.2,40
2884,,,,,,,5.3,40
2885,,,,,,,6.3,40
2886,,,,,,,5.6,40
2887,,,,,,,6.0,40
2888,,,,,,,6.1,40
2889,,,,,,,3.6,38
2890,,,,,,,6.1,38
2891,,,,,,,5.8,38
2892,,,,,,,6.6,38
2893,,,,,,,5.4,38
2894,,,,,,,7.5,38
2895,,,,,,,4.6,38
2896,,,,,,,6.1,38
2897,,,,,,,5.7,38
2898,,,,,,,4.6,39
2899,,,,,,,6.3,39
2900,,,,,,,3.6,39
2901,,,,,,,6.7,39
2902,,,,,,,4.3,39
2903,,,,,,,5.4,39
2904,,,,,,,5.5,39
2905,,,,,,,5.0,39
2906,,,,,,,5.7,39
2907,,,,,,,4.7,38
2908,,,,,,,7.1,38
2909,,,,,,,3.5,38
2910,,,,,,,6.5,38
2911,,,,,,,5.5,38
2912,,,,,,,5.0,38
2913,,,,,,,5.7,38
2914,,,,,,,5.0,38
2915,,,,,,,5.8,38
2916,,,,,,,5.0,38
2917,,,,,,,5.8,38
2918,,,,,,,4.9,38
2919,,,,,,,5.6,38
2920,,,,,,,5.5,38
2921,,,,,,,5.1,38
2922,,,,,,,6.5,38
2923,,,,,,,4.1,38
2924,,,,,,,6.5,38
2925,,,,,,,4.4,38
2926,,,,,,,7.1,36
2927,,,,,,,5.1,36
2928,,,,,,,5.3,36
2929,,,,,,,5.6,36
2930,,,,,,,4.9,36
2931,,,,,,,5.9,36
2932,,,,,,,4.4,36
2933,,,,,,,5.9,36
2934,,,,,,,5.6,36
2935,,,,,,,5.5,34
2936,,,,,,,6.0,34
2937,,,,,,,4.1,34
2938,,,,,,,6.3,34
2939,,,,,,,3.6,34
2940,,,,,,,6.5,34
2941,,,,,,,4.6,34
2942,,,,,,,5.0,34
2943,,,,,,,6.6,40
2944,,,,,,,3.7,40
2945,,,,,,,6.8,40
2946,,,,,,,4.0,40
2947,,,,,,,6.3,40
2948,,,,,,,5.4,40
2949,,,,,,,5.1,40
2950,,,,,,,5.9,40
2951,,,,,,,4.0,39
2952,,,,,,,6.2,39
2953,,,,,,,5.6,39
2954,,,,,,,4.3,39
2955,,,,,,,6.4,39
2956,,,,,,,4.3,39
2957,,,,,,,6.3,39
2958,,,,,,,5.4,39
2959,,,,,,,4.7,39
2960,,,,,,,6.0,37
2961,,,,,,,4.0,37
2962,,,,,,,7.1,37
2963,,,,,,,5.0,37
2964,,,,,,,5.6,37
2965,,,,,,,5.3,37
2966,,,,,,,5.4,37
2967,,,,,,,6.3,37
2968,,,,,,,4.2,37
2969,,,,,,,7.0,37
2970,,,,,,,3.9,37
2971,,,,,,,6.9,37
2972,,,,,,,3.8,37
2973,,,,,,,6.3,37
2974,,,,,,,5.6,37
2975,,,,,,,4.5,37
2976,,,,,,,6.8,37
2977,,,,,,,4.1,37
2978,,,,,,,6.4,37
2979,,,,,,,3.6,37
2980,,,,,,,6.6,37
2981,,,,,,,5.2,37
2982,,,,,,,5.3,37
2983,,,,,,,5.9,37
2984,,,,,,,4.5,37
2985,,,,,,,6.8,37
2986,,,,,,,3.9,37
2987,,,,,,,6.3,37
2988,,,,,,,5.6,38
2989,,,,,,,4.0,38
2990,,,,,,,6.3,38
2991,,,,,,,3.9,38
2992,,,,,,,6.4,38
2993,,,,,,,4.2,38
2994,,,,,,,5.8,38
2995,,,,,,,5.2,38
2996,,,,,,,5.3,38
2997,,,,,,,6.3,38
2998,,,,,,,4.0,38
2999,,,,,,,6.6,38
3000,,,,,,,3.9,38
3001,,,,,,,7.1,38
3002,,,,,,,4.8,38
3003,,,,,,,5.3,38
3004,,,,,,,6.6,38
3005,,,,,,,3.9,38
3006,,,,,,,6.7,38
3007,,,,,,,3.7,38
3008,,,,,,,7.2,38
3009,,,,,,,3.6,38
3010,,,,,,,6.6,38
3011,,,,,,,5.0,38
3012,,,,,,,5.7,38
3013,,,,,,,5.0,38
3014,,,,,,,5.3,38
3015,,,,,,,5.5,38
3016,,,,,,,4.9,37
3017,,,,,,,7.3,37
3018,,,,,,,3.7,37
3019,,,,,,,6.1,37
3020,,,,,,,5.7,37
3021,,,,,,,5.3,37
3022,,,,,,,5.5,37
3023,,,,,,,5.0,37
3024,,,,,,,6.6,37
3025,,,,,,,3.9,33
3026,,,,,,,6.6,33
3027,,,,,,,4.0,33
3028,,,,,,,6.2,33
3029,,,,,,,5.3,33
3030,,,,,,,4.6,33
3031,,,,,,,7.0,33
3032,,,,,,,3.9,33
3033,,,,,,,6.5,33
3034,,,,,,,4.0,38
3035,,,,,,,6.1,38
3036,,,,,,,5.0,38
3037,,,,,,,5.7,38
3038,,,,,,,5.1,38
3039,,,,,,,5.8,38
3040,,,,,,,5.6,38
3041,,,,,,,5.1,38
3042,,,,,,,6.3,39
3043,,,,,,,4.4,39
3044,,,,,,,6.4,39
3045,,,,,,,3.8,39
3046,,,,,,,7.0,39
3047,,,,,,,4.2,39
3048,,,,,,,6.0,39
3049,,,,,,,4.9,39
3050,,,,,,,5.2,39
3051,,,,,,,5.9,39
3052,,,,,,,4.8,41
3053,,,,,,,6.5,41
3054,,,,,,,3.6,41
3055,,,,,,,6.3,41
3056,,,,,,,4.9,41
3057,,,,,,,5.0,41
3058,,,,,,,5.9,36
3059,,,,,,,4.4,36
3060,,,,,,,6.6,36
3061,,,,,,,4.5,36
3062,,,,,,,5.2,36
3063,,,,,,,6.5,36
3064,,,,,,,4.7,36
3065,,,,,,,6.7,37
3066,,,,,,,4.0,37
3067,,,,,,,6.6,37
3068,,,,,,,5.1,37
3069,,,,,,,5.6,37
3070,,,,,,,6.5,37
3071,,,,,,,4.0,39
3072,,,,,,,6.1,39
3073,,,,,,,5.4,39
3074,,,,,,,5.6,39
3075,,,,,,,6.0,39
3076,,,,,,,4.5,37
3077,,,,,,,6.3,37
3078,,,,,,,4.1,37
3079,,,,,,,7.2,37
3080,,,,,,,4.9,37
3081,,,,,,,6.0,41
3082,,,,,,,5.5,41
3083,,,,,,,5.3,41
3084,,,,,,,6.0,41
3085,,,,,,,3.9,41
3086,,,,,,,6.8,41
3087,,,,,,,4.3,41
3088,,,,,,,6.4,41
3089,,,,,,,5.0,41
3090,,,,,,,5.4,41
3091,,,,,,,5.9,41
3092,,,,,,,4.3,41
3093,,,,,,,6.9,38
3094,,,,,,,4.0,38
3095,,,,,,,6.8,38
3096,,,,,,,3.8,38
3097,,,,,,,5.8,38
3098,,,,,,,5.8,41
3099,,,,,,,5.2,41
3100,,,,,,,6.1,41
3101,,,,,,,4.4,41
3102,,,,,,,6.6,41
3103,,,,,,,3.7,41
3104,,,,,,,6.4,41
3105,,,,,,,3.5,41
3106,,,,,,,6.7,41
3107,,,,,,,5.3,41
3108,,,,,,,6.0,41
3109,,,,,,,5.1,40
3110,,,,,,,5.0,40
3111,,,,,,,5.5,40
3112,,,,,,,4.8,40
3113,,,,,,,6.6,40
3114,,,,,,,4.2,40
3115,,,,,,,6.8,40
3116,,,,,,,4.2,38
3117,,,,,,,7.1,38
3118,,,,,,,3.7,38
3119,,,,,,,7.0,38
3120,,,,,,,4.4,35
3121,,,,,,,6.4,35
3122,,,,,,,4.9,35
3123,,,,,,,5.3,35
3124,,,,,,,5.6,35
3125,,,,,,,5.0,35
3126,,,,,,,6.1,38
3127,,,,,,,4.7,38
3128,,,,,,,6.4,38
3129,,,,,,,4.0,38
3130,,,,,,,6.9,38
3131,,,,,,,4.3,36
3132,,,,,,,5.9,36
3133,,,,,,,5.8,36
3134,,,,,,,4.7,36
3135,,,,,,,6.4,37
3136,,,,,,,4.1,37
3137,,,,,,,6.8,37
3138,,,,,,,3.4,37
3139,,,,,,,7.0,37
3140,,,,,,,4.6,37
3141,,,,,,,5.8,37
3142,,,,,,,5.9,37
3143,,,,,,,4.8,37
3144,,,,,,,6.2,37
3145,,,,,,,4.4,37
3146,,,,,,,6.3,37
3147,,,,,,,4.9,41
3148,,,,,,,5.4,41
3149,,,,,,,6.3,41
3150,,,,,,,5.0,41
3151,,,,,,,6.7,41
3152,,,,,,,3.8,41
3153,,,,,,,6.7,37
3154,,,,,,,5.2,37
3155,,,,,,,5.4,37
3156,,,,,,,6.4,37
3157,,,,,,,4.3,37
3158,,,,,,,6.8,37
3159,,,,,,,3.9,37
3160,,,,,,,6.4,38
3161,,,,,,,4.2,38
3162,,,,,,,6.7,38
3163,,,,,,,5.6,38
3164,,,,,,,4.6,38
3165,,,,,,,6.5,38
3166,,,,,,,3.7,38
3167,,,,,,,6.1,38
3168,,,,,,,6.2,38
3169,,,,,,,6.2,38
3170,,,,,,,5.3,38
3171,,,,,,,4.9,38
3172,,,,,,,6.3,38
3173,,,,,,,3.6,38
3174,,,,,,,6.8,39
3175,,,,,,,4.0,39
3176,,,,,,,6.7,39
3177,,,,,,,4.4,39
3178,,,,,,,6.2,39
3179,,,,,,,4.8,39
3180,,,,,,,6.2,39
3181,,,,,,,5.9,39
3182,,,,,,,4.6,38
3183,,,,,,,6.7,38
3184,,,,,,,4.8,38
3185,,,,,,,5.3,38
3186,,,,,,,6.5,41
3187,,,,,,,4.5,41
3188,,,,,,,5.8,41
3189,,,,,,,3.9,41
3190,,,,,,,6.8,41
3191,,,,,,,5.1,41
3192,,,,,,,5.4,41
3193,,,,,,,6.1,41
3194,,,,,,,4.0,41
3195,,,,,,,6.4,42
3196,,,,,,,4.6,42
3197,,,,,,,5.7,42
3198,,,,,,,6.0,42
3199,,,,,,,4.6,42
3200,,,,,,,5.8,42
3201,,,,,,,4.7,42
3202,,,,,,,5.7,42
3203,,,,,,,5.4,42
3204,,,,,,,5.4,42
3205,,,,,,,6.1,42
3206,,,,,,,3.8,42
3207,,,,,,,6.6,42
3208,,,,,,,4.7,42
3209,,,,,,,5.7,42
3210,,,,,,,6.0,42
3211,,,,,,,4.1,42
3212,,,,,,,6.6,42
3213,,,,,,,3.8,42
3214,,,,,,,6.5,38
3215,,,,,,,5.3,38
3216,,,,,,,5.1,38
3217,,,,,,,6.4,38
3218,,,,,,,4.2,38
3219,,,,,,,6.1,38
3220,,,,,,,3.7,38
3221,,,,,,,6.3,38
3222,,,,,,,4.9,38
3223,,,,,,,5.6,38
3224,,,,,,,5.4,38
3225,,,,,,,4.8,38
3226,,,,,,,7.3,38
3227,,,,,,,4.0,38
3228,,,,,,,6.8,38
3229,,,,,,,4.2,38
3230,,,,,,,6.7,38
3231,,,,,,,5.4,38
3232,,,,,,,4.8,38
3233,,,,,,,6.3,38
3234,,,,,,,3.9,38
3235,,,,,,,7.2,38
3236,,,,,,,3.5,38
3237,,,,,,,6.5,38
3238,,,,,,,5.4,38
3239,,,,,,,5.1,38
3240,,,,,,,5.7,38
3241,,,,,,,5.0,38
3242,,,,,,,6.6,42
3243,,,,,,,3.9,42
3244,,,,,,,6.3,42
3245,,,,,,,4.0,42
3246,,,,,,,6.5,42
3247,,,,,,,5.5,42
3248,,,,,,,4.8,42
3249,,,,,,,6.0,42
3250,,,,,,,4.0,42
3251,,,,,,,6.6,39
3252,,,,,,,5.1,39
3253,,,,,,,5.3,39
3254,,,,,,,5.7,39
3255,,,,,,,4.2,39
3256,,,,,,,6.3,39
3257,,,,,,,4.5,39
3258,,,,,,,5.6,39
3259,,,,,,,6.0,39
3260,,,,,,,3.9,38
3261,,,,,,,6.2,38
3262,,,,,,,4.5,38
3263,,,,,,,5.6,38
3264,,,,,,,5.7,38
3265,,,,,,,5.2,38
3266,,,,,,,5.6,38
3267,,,,,,,4.6,38
3268,,,,,,,6.8,38
3269,,,,,,,3.6,38
3270,,,,,,,6.9,38
3271,,,,,,,4.1,38
3272,,,,,,,6.5,38
3273,,,,,,,4.4,38
3274,,,,,,,6.1,38
3275,,,,,,,5.5,38
3276,,,,,,,5.4,38
3277,,,,,,,6.3,38
3278,,,,,,,3.8,38
3279,,,,,,,6.9,40
3280,,,,,,,4.0,40
3281,,,,,,,6.5,40
3282,,,,,,,5.3,40
3283,,,,,,,4.8,40
3284,,,,,,,6.9,40
3285,,,,,,,4.3,40
3286,,,,,,,6.3,40
3287,,,,,,,4.9,40
3288,,,,,,,5.8,40
3289,,,,,,,5.4,38
3290,,,,,,,4.8,38
3291,,,,,,,6.6,38
3292,,,,,,,3.9,38
3293,,,,,,,6.1,38
3294,,,,,,,4.5,38
3295,,,,,,,6.3,38
3296,,,,,,,5.1,38
3297,,,,,,,5.8,38
3298,,,,,,,5.9,37
3299,,,,,,,4.9,37
3300,,,,,,,6.4,37
3301,,,,,,,4.1,37
3302,,,,,,,6.4,37
3303,,,,,,,4.8,37
3304,,,,,,,5.4,37
3305,,,,,,,6.0,37
3306,,,,,,,4.0,37
3307,,,,,,,6.3,40
3308,,,,,,,3.9,40
3309,,,,,,,6.1,40
3310,,,,,,,6.0,40
3311,,,,,,,4.4,40
3312,,,,,,,6.7,40
3313,,,,,,,4.5,40
3314,,,,,,,6.8,40
3315,,,,,,,3.8,40
3316,,,,,,,6.1,40
3317,,,,,,,5.5,40
3318,,,,,,,4.9,40
3319,,,,,,,6.1,40
3320,,,,,,,5.1,40
3321,,,,,,,6.3,40
3322,,,,,,,4.5,40
3323,,,,,,,6.2,40
3324,,,,,,,3.8,40
3325,,,,,,,6.3,40
3326,,,,,,,5.6,41
3327,,,,,,,5.0,41
3328,,,,,,,6.9,41
3329,,,,,,,3.9,41
3330,,,,,,,6.8,41
3331,,,,,,,4.8,41
3332,,,,,,,5.6,41
3333,,,,,,,5.6,41
3334,,,,,,,4.4,41
3335,,,,,,,6.4,41
3336,,,,,,,4.1,38
3337,,,,,,,6.1,38
3338,,,,,,,5.2,38
3339,,,,,,,5.2,38
3340,,,,,,,6.7,38
3341,,,,,,,3.8,38
3342,,,,,,,6.1,38
3343,,,,,,,4.9,38
3344,,,,,,,5.6,38
3345,,,,,,,6.0,41
3346,,,,,,,4.5,41
3347,,,,,,,6.7,41
3348,,,,,,,4.4,41
3349,,,,,,,5.9,41
3350,,,,,,,5.8,41
3351,,,,,,,5.0,41
3352,,,,,,,6.4,41
3353,,,,,,,4.6,41
3354,,,,,,,6.3,40
3355,,,,,,,3.9,40
3356,,,,,,,6.5,40
3357,,,,,,,5.3,40
3358,,,,,,,5.4,40
3359,,,,,,,6.0,40
3360,,,,,,,4.5,40
3361,,,,,,,6.6,40
3362,,,,,,,3.9,40
3363,,,,,,,7.0,40
3364,,,,,,,4.8,38
3365,,,,,,,5.2,38
3366,,,,,,,6.1,38
3367,,,,,,,4.0,38
3368,,,,,,,6.8,38
3369,,,,,,,3.9,38
3370,,,,,,,6.2,38
3371,,,,,,,5.0,38
3372,,,,,,,6.1,38
3373,,,,,,,4.9,38
3374,,,,,,,5.1,38
3375,,,,,,,5.9,38
3376,,,,,,,4.9,38
3377,,,,,,,6.2,38
3378,,,,,,,4.7,38
3379,,,,,,,6.1,38
3380,,,,,,,3.7,38
3381,,,,,,,7.3,38
3382,,,,,,,5.3,38
3383,,,,,,,4.9,38
3384,,,,,,,7.0,38
3385,,,,,,,4.0,38
3386,,,,,,,6.5,38
3387,,,,,,,4.1,38
3388,,,,,,,6.8,38
3389,,,,,,,3.8,38
3390,,,,,,,6.4,38
3391,,,,,,,5.1,38
3392,,,,,,,6.1,38
3393,,,,,,,5.7,38
3394,,,,,,,5.0,38
3395,,,,,,,6.5,38
3396,,,,,,,3.9,38
3397,,,,,,,6.4,38
3398,,,,,,,4.0,38
3399,,,,,,,6.6,38
3400,,,,,,,4.3,38
3401,,,,,,,6.7,39
3402,,,,,,,4.0,39
3403,,,,,,,7.3,39
3404,,,,,,,5.1,39
3405,,,,,,,5.0,39
3406,,,,,,,6.3,39
3407,,,,,,,4.5,39
3408,,,,,,,6.4,39
3409,,,,,,,4.0,39
3410,,,,,,,6.6,39
3411,,,,,,,4.6,40
3412,,,,,,,6.3,40
3413,,,,,,,5.3,40
3414,,,,,,,5.1,40
3415,,,,,,,6.3,40
3416,,,,,,,4.0,40
3417,,,,,,,6.8,40
3418,,,,,,,3.8,40
3419,,,,,,,6.4,40
3420,,,,,,,5.1,36
3421,,,,,,,5.5,36
3422,,,,,,,5.9,36
3423,,,,,,,4.4,36
3424,,,,,,,5.9,36
3425,,,,,,,4.1,36
3426,,,,,,,6.6,36
3427,,,,,,,4.2,36
3428,,,,,,,6.6,36
3429,,,,,,,5.0,41
3430,,,,,,,5.0,41
3431,,,,,,,6.7,41
3432,,,,,,,3.8,41
3433,,,,,,,6.9,41
3434,,,,,,,3.9,41
3435,,,,,,,7.0,41
3436,,,,,,,5.4,41
3437,,,,,,,4.7,41
3438,,,,,,,5.6,38
3439,,,,,,,3.7,38
3440,,,,,,,6.2,38
3441,,,,,,,4.0,38
3442,,,,,,,5.6,38
3443,,,,,,,6.3,38
3444,,,,,,,4.4,38
3445,,,,,,,6.8,38
3446,,,,,,,4.2,38
3447,,,,,,,6.0,41
3448,,,,,,,3.7,41
3449,,,,,,,6.6,41
3450,,,,,,,5.0,41
3451,,,,,,,5.4,41
3452,,,,,,,6.0,41
3453,,,,,,,4.9,41
3454,,,,,,,6.6,41
3455,,,,,,,3.8,41
3456,,,,,,,7.0,41
3457,,,,,,,3.6,41
3458,,,,,,,6.9,41
3459,,,,,,,5.0,41
3460,,,,,,,5.6,41
3461,,,,,,,5.9,41
3462,,,,,,,4.8,41
3463,,,,,,,6.2,41
3464,,,,,,,4.3,41
3465,,,,,,,6.8,41
3466,,,,,,,3.9,37
3467,,,,,,,7.0,37
3468,,,,,,,3.9,37
3469,,,,,,,6.7,37
3470,,,,,,,5.1,37
3471,,,,,,,5.6,37
3472,,,,,,,5.7,37
3473,,,,,,,5.0,37
3474,,,,,,,6.0,37
3475,,,,,,,3.9,41
3476,,,,,,,6.7,41
3477,,,,,,,4.2,41
3478,,,,,,,6.3,41
3479,,,,,,,5.2,41
3480,,,,,,,5.0,41
3481,,,,,,,6.8,41
3482,,,,,,,4.1,41
3483,,,,,,,6.7,41
3484,,,,,,,5.0,41
3485,,,,,,,4.9,36
3486,,,,,,,5.9,36
3487,,,,,,,4.7,36
3488,,,,,,,6.6,36
3489,,,,,,,4.1,36
3490,,,,,,,5.9,36
3491,,,,,,,4.2,36
3492,,,,,,,6.4,36
3493,,,,,,,5.4,38
3494,,,,,,,4.5,38
3495,,,,,,,7.0,38
3496,,,,,,,4.0,38
3497,,,,,,,6.8,38
3498,,,,,,,3.8,38
3499,,,,,,,6.6,38
3500,,,,,,,4.4,38
3501,,,,,,,5.9,38
3502,,,,,,,5.1,38
3503,,,,,,,5.2,37
3504,,,,,,,6.0,37
3505,,,,,,,4.8,37
3506,,,,,,,6.5,37
3507,,,,,,,3.8,37
3508,,,,,,,6.7,37
3509,,,,,,,5.1,37
3510,,,,,,,5.2,37
3511,,,,,,,5.9,37
3512,,,,,,,4.4,36
3513,,,,,,,6.3,36
3514,,,,,,,3.8,36
3515,,,,,,,6.8,36
3516,,,,,,,3.9,36
3517,,,,,,,6.7,36
3518,,,,,,,4.8,36
3519,,,,,,,5.2,36
3520,,,,,,,5.8,36
3521,,,,,,,4.3,41
3522,,,,,,,6.6,41
3523,,,,,,,4.1,41
3524,,,,,,,6.9,41
3525,,,,,,,4.0,41
3526,,,,,,,6.2,41
3527,,,,,,,5.2,41
3528,,,,,,,5.5,41
3529,,,,,,,5.5,41
3530,,,,,,,5.0,41
3531,,,,,,,6.4,41
3532,,,,,,,4.7,41
3533,,,,,,,6.3,41
3534,,,,,,,5.1,41
3535,,,,,,,5.7,41
3536,,,,,,,5.7,41
3537,,,,,,,4.8,41
3538,,,,,,,6.3,41
3539,,,,,,,4.7,41
3540,,,,,,,6.4,41
3541,,,,,,,3.4,41
3542,,,,,,,7.0,41
3543,,,,,,,3.8,41
3544,,,,,,,6.8,41
3545,,,,,,,3.8,41
3546,,,,,,,5.9,41
3547,,,,,,,6.2,41
3548,,,,,,,3.8,41
3549,,,,,,,6.4,41
3550,,,,,,,4.2,37
3551,,,,,,,6.2,37
3552,,,,,,,4.9,37
3553,,,,,,,5.6,37
3554,,,,,,,5.3,37
3555,,,,,,,4.9,37
3556,,,,,,,5.8,37
3557,,,,,,,4.6,37
3558,,,,,,,6.8,37
3559,,,,,,,4.0,39
3560,,,,,,,6.7,39
3561,,,,,,,3.9,39
3562,,,,,,,6.2,39
3563,,,,,,,6.2,39
3564,,,,,,,4.2,39
3565,,,,,,,6.5,39
3566,,,,,,,3.8,39
3567,,,,,,,7.8,39
3568,,,,,,,4.0,39
3569,,,,,,,7.0,39
3570,,,,,,,4.2,39
3571,,,,,,,7.2,39
3572,,,,,,,5.6,39
3573,,,,,,,5.4,39
3574,,,,,,,5.9,39
3575,,,,,,,6.7,39
3576,,,,,,,5.9,39
3577,,,,,,,5.9,39
3578,,,,,,,6.0,37
3579,,,,,,,5.4,37
3580,,,,,,,6.0,37
3581,,,,,,,6.6,37
3582,,,,,,,3.7,37
3583,,,,,,,7.4,37
3584,,,,,,,5.8,37
3585,,,,,,,4.8,37
3586,,,,,,,5.2,37
3587,,,,,,,6.7,36
3588,,,,,,,6.0,36
3589,,,,,,,5.1,36
3590,,,,,,,5.4,36
3591,,,,,,,5.5,36
3592,,,,,,,6.0,36
3593,,,,,,,5.4,36
3594,,,,,,,5.9,36
3595,,,,,,,5.3,36
3596,,,,,,,6.2,37
3597,,,,,,,5.8,37
3598,,,,,,,5.8,37
3599,,,,,,,3.7,37
3600,,,,,,,5.4,37
3601,,,,,,,6.3,37
3602,,,,,,,5.8,37
3603,,,,,,,5.0,37
3604,,,,,,,5.4,37
3605,,,,,,,6.3,37
3606,,,,,,,6.2,37
3607,,,,,,,6.0,37
3608,,,,,,,5.1,37
3609,,,,,,,5.8,37
3610,,,,,,,6.6,37
3611,,,,,,,5.0,37
3612,,,,,,,5.8,37
3613,,,,,,,5.4,37
3614,,,,,,,6.7,37
3615,,,,,,,5.6,40
3616,,,,,,,4.8,40
3617,,,,,,,6.1,40
3618,,,,,,,5.3,40
3619,,,,,,,5.5,40
3620,,,,,,,6.4,40
3621,,,,,,,4.1,40
3622,,,,,,,6.7,40
3623,,,,,,,3.8,40
3624,,,,,,,6.8,37
3625,,,,,,,4.8,37
3626,,,,,,,5.7,37
3627,,,,,,,6.5,37
3628,,,,,,,4.1,37
3629,,,,,,,6.8,37
3630,,,,,,,3.6,37
3631,,,,,,,6.5,37
3632,,,,,,,4.3,37
3633,,,,,,,5.7,37
3634,,,,,,,5.1,40
3635,,,,,,,5.1,40
3636,,,,,,,6.0,40
3637,,,,,,,4.3,40
3638,,,,,,,6.0,40
3639,,,,,,,3.8,40
3640,,,,,,,6.8,40
3641,,,,,,,5.0,40
3642,,,,,,,5.6,40
3643,,,,,,,5.5,41
3644,,,,,,,5.0,41
3645,,,,,,,5.6,41
3646,,,,,,,5.0,41
3647,,,,,,,6.6,41
3648,,,,,,,4.0,41
3649,,,,,,,6.5,41
3650,,,,,,,5.1,41
3651,,,,,,,5.0,41
3652,,,,,,,5.7,41
3653,,,,,,,5.1,39
3654,,,,,,,7.0,39
3655,,,,,,,3.7,39
3656,,,,,,,7.3,39
3657,,,,,,,4.3,39
3658,,,,,,,6.3,39
3659,,,,,,,4.9,39
3660,,,,,,,5.9,39
3661,,,,,,,5.3,39
3662,,,,,,,4.7,37
3663,,,,,,,6.1,37
3664,,,,,,,3.8,37
3665,,,,,,,6.6,37
3666,,,,,,,5.2,37
3667,,,,,,,5.9,37
3668,,,,,,,6.8,37
3669,,,,,,,4.9,37
3670,,,,,,,6.8,37
3671,,,,,,,5.2,35
3672,,,,,,,5.1,35
3673,,,,,,,6.1,35
3674,,,,,,,4.7,35
3675,,,,,,,5.8,35
3676,,,,,,,5.5,35
3677,,,,,,,4.4,35
3678,,,,,,,6.6,35
3679,,,,,,,3.9,35
3680,,,,,,,6.9,37
3681,,,,,,,4.1,37
3682,,,,,,,6.0,37
3683,,,,,,,4.9,37
3684,,,,,,,5.5,37
3685,,,,,,,5.6,37
3686,,,,,,,4.5,37
3687,,,,,,,6.4,37
3688,,,,,,,3.8,37
3689,,,,,,,6.1,37
3690,,,,,,,5.5,39
3691,,,,,,,5.0,39
3692,,,,,,,5.8,39
3693,,,,,,,4.0,39
3694,,,,,,,6.2,39
3695,,,,,,,4.6,39
3696,,,,,,,6.2,39
3697,,,,,,,4.9,39
3698,,,,,,,5.5,39
3699,,,,,,,5.5,38
3700,,,,,,,4.0,38
3701,,,,,,,6.6,38
3702,,,,,,,4.8,38
3703,,,,,,,5.8,38
3704,,,,,,,5.5,38
3705,,,,,,,5.1,38
3706,,,,,,,5.7,38
3707,,,,,,,5.0,38
3708,,,,,,,6.7,37
3709,,,,,,,3.8,37
3710,,,,,,,6.5,37
3711,,,,,,,4.5,37
3712,,,,,,,5.6,37
3713,,,,,,,5.6,37
3714,,,,,,,4.8,37
3715,,,,,,,6.2,37
3716,,,,,,,4.4,37
3717,,,,,,,6.5,37
3718,,,,,,,3.7,37
3719,,,,,,,6.8,37
3720,,,,,,,5.6,37
3721,,,,,,,4.5,37
3722,,,,,,,6.4,37
3723,,,,,,,4.0,37
3724,,,,,,,6.2,37
3725,,,,,,,3.8,37
3726,,,,,,,6.4,37
3727,,,,,,,4.6,38
3728,,,,,,,5.8,38
3729,,,,,,,5.2,38
3730,,,,,,,5.0,38
3731,,,,,,,6.8,38
3732,,,,,,,3.9,38
3733,,,,,,,6.8,38
3734,,,,,,,4.0,38
3735,,,,,,,6.4,38
3736,,,,,,,6.0,39
3737,,,,,,,4.6,39
3738,,,,,,,6.4,39
3739,,,,,,,4.4,39
3740,,,,,,,6.6,39
3741,,,,,,,4.6,39
3742,,,,,,,5.7,39
3743,,,,,,,5.7,39
3744,,,,,,,4.2,39
3745,,,,,,,6.8,39
3746,,,,,,,4.7,40
3747,,,,,,,5.5,40
3748,,,,,,,5.8,40
3749,,,,,,,4.1,40
3750,,,,,,,7.0,40
3751,,,,,,,3.9,40
3752,,,,,,,5.9,40
3753,,,,,,,6.0,40
3754,,,,,,,3.8,40
3755,,,,,,,6.8,38
3756,,,,,,,4.4,38
3757,,,,,,,5.5,38
3758,,,,,,,6.0,38
3759,,,,,,,5.0,38
3760,,,,,,,6.0,38
3761,,,,,,,4.9,38
3762,,,,,,,6.1,38
3763,,,,,,,5.5,38
3764,,,,,,,5.4,37
3765,,,,,,,5.8,37
3766,,,,,,,4.8,37
3767,,,,,,,6.6,37
3768,,,,,,,4.0,37
3769,,,,,,,6.0,37
3770,,,,,,,4.9,37
3771,,,,,,,5.4,37
3772,,,,,,,5.5,37
3773,,,,,,,4.9,37
3774,,,,,,,6.7,39
3775,,,,,,,3.9,39
3776,,,,,,,7.3,39
3777,,,,,,,4.9,39
3778,,,,,,,5.7,39
3779,,,,,,,5.5,39
3780,,,,,,,5.2,39
3781,,,,,,,6.4,39
3782,,,,,,,3.9,39
3783,,,,,,,6.7,38
3784,,,,,,,4.0,38
3785,,,,,,,6.8,38
3786,,,,,,,5.4,38
3787,,,,,,,4.5,38
3788,,,,,,,6.4,38
3789,,,,,,,4.0,38
3790,,,,,,,6.8,38
3791,,,,,,,3.7,38
3792,,,,,,,6.9,40
3793,,,,,,,5.9,40
3794,,,,,,,4.9,40
3795,,,,,,,6.6,40
3796,,,,,,,5.9,40
3797,,,,,,,7.1,40
3798,,,,,,,4.2,40
3799,,,,,,,7.9,40
3800,,,,,,,3.6,40
3801,,,,,,,7.7,38
3802,,,,,,,5.3,38
3803,,,,,,,5.1,38
3804,,,,,,,7.3,38
3805,,,,,,,5.4,38
3806,,,,,,,5.8,38
3807,,,,,,,5.6,38
3808,,,,,,,5.5,38
3809,,,,,,,7.8,38
3810,,,,,,,5.3,38
3811,,,,,,,5.7,41
3812,,,,,,,5.8,41
3813,,,,,,,6.2,41
3814,,,,,,,5.2,41
3815,,,,,,,5.9,41
3816,,,,,,,4.4,41
3817,,,,,,,6.4,41
3818,,,,,,,5.2,41
3819,,,,,,,5.7,41
3820,,,,,,,4.9,39
3821,,,,,,,7.0,39
3822,,,,,,,6.0,39
3823,,,,,,,4.4,39
3824,,,,,,,5.7,39
3825,,,,,,,5.8,39
3826,,,,,,,4.5,39
3827,,,,,,,6.0,39
3828,,,,,,,6.1,39
3829,,,,,,,5.9,39
3830,,,,,,,5.8,39
3831,,,,,,,5.7,39
3832,,,,,,,5.9,39
3833,,,,,,,5.4,39
3834,,,,,,,5.6,39
3835,,,,,,,6.0,39
3836,,,,,,,5.8,39
3837,,,,,,,6.2,39
3838,,,,,,,5.4,39
3839,,,,,,,6.4,39
3840,,,,,,,5.8,39
3841,,,,,,,5.1,39
3842,,,,,,,5.8,39
3843,,,,,,,5.3,39
3844,,,,,,,6.2,39
3845,,,,,,,6.5,39
3846,,,,,,,5.8,39
3847,,,,,,,5.5,39
3848,,,,,,,5.7,37
3849,,,,,,,4.7,37
3850,,,,,,,6.4,37
3851,,,,,,,5.0,37
3852,,,,,,,5.6,37
3853,,,,,,,6.0,37
3854,,,,,,,5.1,37
3855,,,,,,,5.2,37
3856,,,,,,,5.0,37
3857,,,,,,,6.5,35
3858,,,,,,,4.3,35
3859,,,,,,,6.3,35
3860,,,,,,,4.8,35
3861,,,,,,,6.1,35
3862,,,,,,,5.5,35
3863,,,,,,,5.3,35
3864,,,,,,,5.6,35
3865,,,,,,,4.5,35
3866,,,,,,,6.5,36
3867,,,,,,,4.1,36
3868,,,,,,,7.0,36
3869,,,,,,,4.7,36
3870,,,,,,,6.0,36
3871,,,,,,,5.6,36
3872,,,,,,,4.6,36
3873,,,,,,,7.1,36
3874,,,,,,,4.7,36
3875,,,,,,,5.2,40
3876,,,,,,,6.2,40
3877,,,,,,,4.0,40
3878,,,,,,,6.5,40
3879,,,,,,,3.8,40
3880,,,,,,,6.8,40
3881,,,,,,,5.2,40
3882,,,,,,,4.7,40
3883,,,,,,,6.2,40
3884,,,,,,,4.2,40
3885,,,,,,,7.0,36
3886,,,,,,,3.7,36
3887,,,,,,,6.4,36
3888,,,,,,,5.6,36
3889,,,,,,,4.7,36
3890,,,,,,,5.5,36
3891,,,,,,,4.9,36
3892,,,,,,,6.0,36
3893,,,,,,,4.6,36
3894,,,,,,,6.1,37
3895,,,,,,,4.6,37
3896,,,,,,,6.2,37
3897,,,,,,,5.6,37
3898,,,,,,,4.3,37
3899,,,,,,,6.8,37
3900,,,,,,,4.7,37
3901,,,,,,,5.8,37
3902,,,,,,,5.3,37
3903,,,,,,,4.8,38
3904,,,,,,,6.5,38
3905,,,,,,,3.9,38
3906,,,,,,,6.6,38
3907,,,,,,,4.8,38
3908,,,,,,,5.4,38
3909,,,,,,,5.2,38
3910,,,,,,,4.9,38
3911,,,,,,,6.5,38
3912,,,,,,,4.2,38
3913,,,,,,,6.2,38
3914,,,,,,,5.1,38
3915,,,,,,,5.1,38
3916,,,,,,,5.2,38
3917,,,,,,,5.6,38
3918,,,,,,,6.4,38
3919,,,,,,,3.7,40
3920,,,,,,,6.3,40
3921,,,,,,,5.0,40
3922,,,,,,,5.3,40
3923,,,,,,,6.2,39
3924,,,,,,,3.9,39
3925,,,,,,,6.7,39
3926,,,,,,,3.8,39
3927,,,,,,,6.7,39
3928,,,,,,,5.2,39
3929,,,,,,,5.0,39
3930,,,,,,,6.9,37
3931,,,,,,,4.2,37
3932,,,,,,,6.7,37
3933,,,,,,,3.9,37
3934,,,,,,,6.6,37
3935,,,,,,,4.9,37
3936,,,,,,,5.7,37
3937,,,,,,,6.4,33
3938,,,,,,,3.8,33
3939,,,,,,,6.3,33
3940,,,,,,,3.9,33
3941,,,,,,,6.9,33
3942,,,,,,,4.7,33
3943,,,,,,,5.4,41
3944,,,,,,,6.0,41
3945,,,,,,,4.7,41
3946,,,,,,,5.5,41
3947,,,,,,,4.6,41
3948,,,,,,,6.5,41
3949,,,,,,,4.0,37
3950,,,,,,,5.7,37
3951,,,,,,,5.0,37
3952,,,,,,,5.3,37
3953,,,,,,,5.3,37
3954,,,,,,,5.1,37
3955,,,,,,,6.0,37
3956,,,,,,,5.0,37
3957,,,,,,,5.1,39
3958,,,,,,,5.6,39
3959,,,,,,,5.2,39
3960,,,,,,,6.3,39
3961,,,,,,,3.8,39
3962,,,,,,,6.6,39
3963,,,,,,,4.0,39
3964,,,,,,,6.5,39
3965,,,,,,,4.2,39
3966,,,,,,,7.2,39
3967,,,,,,,5.1,41
3968,,,,,,,5.3,41
3969,,,,,,,5.9,41
3970,,,,,,,4.5,41
3971,,,,,,,6.7,41
3972,,,,,,,4.1,41
3973,,,,,,,6.8,41
3974,,,,,,,4.3,41
3975,,,,,,,6.3,41
3976,,,,,,,6.2,40
3977,,,,,,,4.2,40
3978,,,,,,,6.7,40
3979,,,,,,,3.8,40
3980,,,,,,,6.6,40
3981,,,,,,,4.5,40
3982,,,,,,,6.1,40
3983,,,,,,,5.1,40
3984,,,,,,,5.0,40
3985,,,,,,,5.9,40
3986,,,,,,,4.0,40
3987,,,,,,,5.9,40
3988,,,,,,,4.0,40
3989,,,,,,,6.4,40
3990,,,,,,,5.0,40
3991,,,,,,,5.3,40
3992,,,,,,,5.9,40
3993,,,,,,,4.0,40
3994,,,,,,,5.9,38
3995,,,,,,,5.0,38
3996,,,,,,,5.5,38
3997,,,,,,,5.1,38
3998,,,,,,,5.2,38
3999,,,,,,,6.2,38
4000,,,,,,,4.2,38
4001,,,,,,,6.4,38
4002,,,,,,,3.7,38
4003,,,,,,,6.7,38
4004,,,,,,,5.1,37
4005,,,,,,,5.8,37
4006,,,,,,,5.5,37
4007,,,,,,,4.4,37
4008,,,,,,,6.8,37
4009,,,,,,,4.2,37
4010,,,,,,,6.7,37
4011,,,,,,,3.9,37
4012,,,,,,,6.9,37
4013,,,,,,,3.7,37
4014,,,,,,,5.8,37
4015,,,,,,,5.4,37
4016,,,,,,,5.0,37
4017,,,,,,,6.6,37
4018,,,,,,,4.3,37
4019,,,,,,,5.9,37
4020,,,,,,,4.6,37
4021,,,,,,,5.4,37
4022,,,,,,,5.6,38
4023,,,,,,,5.2,38
4024,,,,,,,6.1,38
4025,,,,,,,4.0,38
4026,,,,,,,6.4,38
4027,,,,,,,4.7,38
4028,,,,,,,5.8,38
4029,,,,,,,5.3,38
4030,,,,,,,5.0,38
4031,,,,,,,5.8,38
4032,,,,,,,4.8,40
4033,,,,,,,6.3,40
4034,,,,,,,4.2,40
4035,,,,,,,6.3,40
4036,,,,,,,4.8,40
4037,,,,,,,6.3,40
4038,,,,,,,5.1,40
4039,,,,,,,5.0,40
4040,,,,,,,6.3,40
4041,,,,,,,4.1,37
4042,,,,,,,7.0,37
4043,,,,,,,4.7,37
4044,,,,,,,5.3,37
4045,,,,,,,6.3,37
4046,,,,,,,4.0,37
4047,,,,,,,6.0,37
4048,,,,,,,4.9,37
4049,,,,,,,6.0,37
4050,,,,,,,5.6,37
4051,,,,,,,4.8,37
4052,,,,,,,6.1,37
4053,,,,,,,3.9,37
4054,,,,,,,6.8,37
4055,,,,,,,5.1,37
4056,,,,,,,5.5,37
4057,,,,,,,5.5,37
4058,,,,,,,4.9,37
4059,,,,,,,6.1,37
4060,,,,,,,3.9,38
4061,,,,,,,6.9,38
4062,,,,,,,5.3,38
4063,,,,,,,5.0,38
4064,,,,,,,6.2,38
4065,,,,,,,4.5,38
4066,,,,,,,6.6,38
4067,,,,,,,4.1,38
4068,,,,,,,6.9,38
4069,,,,,,,4.1,37
4070,,,,,,,6.4,37
4071,,,,,,,4.9,37
4072,,,,,,,5.4,37
4073,,,,,,,5.8,37
4074,,,,,,,5.0,37
4075,,,,,,,6.6,37
4076,,,,,,,4.1,37
4077,,,,,,,7.2,37
4078,,,,,,,4.1,37
4079,,,,,,,6.4,36
4080,,,,,,,4.7,36
4081,,,,,,,5.9,36
4082,,,,,,,5.7,36
4083,,,,,,,4.8,36
4084,,,,,,,6.1,36
4085,,,,,,,4.4,36
4086,,,,,,,6.2,36
4087,,,,,,,4.8,39
4088,,,,,,,5.4,39
4089,,,,,,,6.0,39
4090,,,,,,,4.2,39
4091,,,,,,,6.8,39
4092,,,,,,,4.2,39
4093,,,,,,,6.5,39
4094,,,,,,,3.7,39
4095,,,,,,,6.2,39
4096,,,,,,,5.5,39
4097,,,,,,,5.2,39
4098,,,,,,,5.6,39
4099,,,,,,,4.7,39
4100,,,,,,,6.5,39
4101,,,,,,,3.8,39
4102,,,,,,,7.0,39
4103,,,,,,,4.5,39
4104,,,,,,,5.4,39
4105,,,,,,,6.3,39
4106,,,,,,,4.2,35
4107,,,,,,,6.2,35
4108,,,,,,,5.1,35
4109,,,,,,,4.3,35
4110,,,,,,,6.7,35
4111,,,,,,,3.9,35
4112,,,,,,,6.5,35
4113,,,,,,,5.4,35
4114,,,,,,,5.2,35
4115,,,,,,,6.1,35
4116,,,,,,,3.8,38
4117,,,,,,,6.6,38
4118,,,,,,,3.8,38
4119,,,,,,,7.0,38
4120,,,,,,,4.3,38
4121,,,,,,,5.7,38
4122,,,,,,,5.5,38
4123,,,,,,,5.2,38
4124,,,,,,,5.6,38
4125,,,,,,,6.3,38
4126,,,,,,,4.2,38
4127,,,,,,,6.1,38
4128,,,,,,,5.0,38
4129,,,,,,,5.3,38
4130,,,,,,,5.6,38
4131,,,,,,,5.6,38
4132,,,,,,,6.2,38
4133,,,,,,,4.8,38
4134,,,,,,,6.6,39
4135,,,,,,,3.6,39
4136,,,,,,,7.1,39
4137,,,,,,,4.5,39
4138,,,,,,,5.5,39
4139,,,,,,,6.0,39
4140,,,,,,,4.5,39
4141,,,,,,,6.2,39
4142,,,,,,,4.8,39
4143,,,,,,,5.9,36
4144,,,,,,,6.8,36
4145,,,,,,,4.3,36
4146,,,,,,,6.1,36
4147,,,,,,,3.9,36
4148,,,,,,,5.9,36
4149,,,,,,,5.3,36
4150,,,,,,,5.5,36
4151,,,,,,,6.3,37
4152,,,,,,,4.0,37
4153,,,,,,,7.2,37
4154,,,,,,,4.1,37
4155,,,,,,,5.7,37
4156,,,,,,,6.1,37
4157,,,,,,,4.4,37
4158,,,,,,,6.5,37
4159,,,,,,,4.1,40
4160,,,,,,,5.9,40
4161,,,,,,,5.5,40
4162,,,,,,,4.7,40
4163,,,,,,,5.7,39
4164,,,,,,,4.2,39
4165,,,,,,,6.5,39
4166,,,,,,,4.3,39
4167,,,,,,,6.5,39
4168,,,,,,,5.1,39
4169,,,,,,,5.4,39
4170,,,,,,,5.4,38
4171,,,,,,,5.4,38
4172,,,,,,,5.2,38
4173,,,,,,,5.3,38
4174,,,,,,,4.9,38
4175,,,,,,,6.6,37
4176,,,,,,,3.9,37
4177,,,,,,,6.3,37
4178,,,,,,,4.8,37
4179,,,,,,,5.1,37
4180,,,,,,,6.6,37
4181,,,,,,,4.0,37
4182,,,,,,,6.6,37
4183,,,,,,,4.7,37
4184,,,,,,,5.8,37
4185,,,,,,,5.0,37
4186,,,,,,,5.8,37
4187,,,,,,,5.1,37
4188,,,,,,,5.4,41
4189,,,,,,,6.2,41
4190,,,,,,,4.3,41
4191,,,,,,,6.8,41
4192,,,,,,,4.1,41
4193,,,,,,,6.6,41
4194,,,,,,,3.7,41
4195,,,,,,,6.5,39
4196,,,,,,,5.7,39
4197,,,,,,,4.0,39
4198,,,,,,,6.7,39
4199,,,,,,,3.9,39
4200,,,,,,,6.7,39
4201,,,,,,,6.0,39
4202,,,,,,,5.0,39
4203,,,,,,,6.3,38
4204,,,,,,,4.3,38
4205,,,,,,,6.6,38
4206,,,,,,,3.9,38
4207,,,,,,,7.1,38
4208,,,,,,,4.6,38
4209,,,,,,,5.9,38
4210,,,,,,,5.6,39
4211,,,,,,,4.4,39
4212,,,,,,,6.4,39
4213,,,,,,,5.2,39
4214,,,,,,,5.6,39
4215,,,,,,,5.8,39
4216,,,,,,,4.9,39
4217,,,,,,,6.9,38
4218,,,,,,,3.7,38
4219,,,,,,,6.4,38
4220,,,,,,,4.8,38
4221,,,,,,,5.9,38
4222,,,,,,,5.6,41
4223,,,,,,,4.5,41
4224,,,,,,,6.5,41
4225,,,,,,,4.0,41
4226,,,,,,,6.9,41
4227,,,,,,,3.7,41
4228,,,,,,,6.9,41
4229,,,,,,,4.9,41
4230,,,,,,,5.2,41
4231,,,,,,,6.3,39
4232,,,,,,,3.8,39
4233,,,,,,,6.7,39
4234,,,,,,,5.3,39
4235,,,,,,,5.0,39
4236,,,,,,,6.9,39
4237,,,,,,,4.2,39
4238,,,,,,,7.0,39
4239,,,,,,,4.1,39
4240,,,,,,,7.4,37
4241,,,,,,,4.0,37
4242,,,,,,,6.5,37
4243,,,,,,,5.2,37
4244,,,,,,,5.3,37
4245,,,,,,,6.3,37
4246,,,,,,,5.2,37
4247,,,,,,,6.6,37
4248,,,,,,,4.7,37
4249,,,,,,,6.6,39
4250,,,,,,,4.2,39
4251,,,,,,,6.4,39
4252,,,,,,,5.4,39
4253,,,,,,,5.0,39
4254,,,,,,,6.4,39
4255,,,,,,,4.2,39
4256,,,,,,,6.3,39
4257,,,,,,,4.2,39
4258,,,,,,,6.7,39
4259,,,,,,,4.8,38
4260,,,,,,,5.9,38
4261,,,,,,,5.5,38
4262,,,,,,,5.1,38
4263,,,,,,,6.0,38
4264,,,,,,,4.7,38
4265,,,,,,,6.3,38
4266,,,,,,,5.5,38
4267,,,,,,,5.0,38
4268,,,,,,,5.7,36
4269,,,,,,,4.0,36
4270,,,,,,,6.7,36
4271,,,,,,,5.2,36
4272,,,,,,,5.6,36
4273,,,,,,,6.0,36
4274,,,,,,,4.2,36
4275,,,,,,,6.4,36
4276,,,,,,,3.8,36
4277,,,,,,,6.9,36
4278,,,,,,,3.5,36
4279,,,,,,,6.2,36
4280,,,,,,,5.6,36
4281,,,,,,,4.7,36
4282,,,,,,,6.4,36
4283,,,,,,,4.2,36
4284,,,,,,,6.6,36
4285,,,,,,,5.1,36
4286,,,,,,,4.8,41
4287,,,,,,,5.9,41
4288,,,,,,,4.6,41
4289,,,,,,,6.1,41
4290,,,,,,,3.9,41
4291,,,,,,,6.8,41
4292,,,,,,,3.7,41
4293,,,,,,,6.1,41
4294,,,,,,,5.3,41
4295,,,,,,,5.0,41
4296,,,,,,,6.6,38
4297,,,,,,,3.7,38
4298,,,,,,,6.7,38
4299,,,,,,,3.6,38
4300,,,,,,,6.8,38
4301,,,,,,,5.4,38
4302,,,,,,,5.6,38
4303,,,,,,,5.9,38
4304,,,,,,,5.0,38
4305,,,,,,,6.2,37
4306,,,,,,,4.1,37
4307,,,,,,,6.9,37
4308,,,,,,,5.3,37
4309,,,,,,,5.6,37
4310,,,,,,,5.8,37
4311,,,,,,,4.2,37
4312,,,,,,,6.7,37
4313,,,,,,,3.7,37
4314,,,,,,,6.8,38
4315,,,,,,,5.7,38
4316,,,,,,,6.3,38
4317,,,,,,,5.9,38
4318,,,,,,,5.9,38
4319,,,,,,,6.1,38
4320,,,,,,,5.1,38
4321,,,,,,,6.1,38
4322,,,,,,,5.1,38
4323,,,,,,,5.5,37
4324,,,,,,,5.7,37
4325,,,,,,,7.4,37
4326,,,,,,,5.0,37
4327,,,,,,,6.0,37
4328,,,,,,,5.2,37
4329,,,,,,,6.1,37
4330,,,,,,,6.1,37
4331,,,,,,,6.6,37
4332,,,,,,,5.4,38
4333,,,,,,,4.0,38
4334,,,,,,,6.4,38
4335,,,,,,,6.7,38
4336,,,,,,,5.1,38
4337,,,,,,,5.6,38
4338,,,,,,,5.4,38
4339,,,,,,,6.0,38
4340,,,,,,,5.4,38
4341,,,,,,,5.8,38
4342,,,,,,,6.0,39
4343,,,,,,,6.1,39
4344,,,,,,,4.5,39
4345,,,,,,,6.0,39
4346,,,,,,,5.4,39
4347,,,,,,,7.0,39
4348,,,,,,,4.2,39
4349,,,,,,,6.5,39
4350,,,,,,,4.1,39
4351,,,,,,,6.5,38
4352,,,,,,,5.1,38
4353,,,,,,,5.3,38
4354,,,,,,,5.9,38
4355,,,,,,,5.0,38
4356,,,,,,,6.1,38
4357,,,,,,,3.9,38
4358,,,,,,,7.1,38
4359,,,,,,,4.9,38
4360,,,,,,,5.6,37
4361,,,,,,,5.1,37
4362,,,,,,,5.6,37
4363,,,,,,,6.4,37
4364,,,,,,,4.7,37
4365,,,,,,,5.7,37
4366,,,,,,,5.4,37
4367,,,,,,,5.0,37
4368,,,,,,,6.9,37
4369,,,,,,,3.8,37
4370,,,,,,,6.2,38
4371,,,,,,,5.5,38
4372,,,,,,,5.1,38
4373,,,,,,,5.8,38
4374,,,,,,,4.9,38
4375,,,,,,,5.5,38
4376,,,,,,,4.4,38
4377,,,,,,,6.2,38
4378,,,,,,,4.6,38
4379,,,,,,,5.5,39
4380,,,,,,,6.1,39
4381,,,,,,,4.1,39
4382,,,,,,,6.6,39
4383,,,,,,,3.6,39
4384,,,,,,,6.5,39
4385,,,,,,,5.2,39
4386,,,,,,,5.6,39
4387,,,,,,,5.6,39
4388,,,,,,,4.5,41
4389,,,,,,,6.4,41
4390,,,,,,,4.3,41
4391,,,,,,,6.7,41
4392,,,,,,,4.0,41
4393,,,,,,,6.5,41
4394,,,,,,,4.4,41
4395,,,,,,,5.9,41
4396,,,,,,,6.0,41
4397,,,,,,,4.1,41
4398,,,,,,,7.3,37
4399,,,,,,,3.9,37
4400,,,,,,,6.2,37
4401,,,,,,,4.0,37
4402,,,,,,,7.5,37
4403,,,,,,,5.5,37
4404,,,,,,,6.0,37
4405,,,,,,,5.8,37
4406,,,,,,,4.9,40
4407,,,,,,,7.1,40
4408,,,,,,,6.3,40
4409,,,,,,,5.8,40
4410,,,,,,,6.0,40
4411,,,,,,,5.5,40
4412,,,,,,,5.8,40
4413,,,,,,,5.8,40
4414,,,,,,,6.0,40
4415,,,,,,,4.5,40
4416,,,,,,,6.8,37
4417,,,,,,,4.4,37
4418,,,,,,,6.0,37
4419,,,,,,,5.4,37
4420,,,,,,,4.6,37
4421,,,,,,,7.0,37
4422,,,,,,,4.9,37
4423,,,,,,,6.1,37
4424,,,,,,,5.5,37
4425,,,,,,,4.4,38
4426,,,,,,,6.4,38
4427,,,,,,,3.8,38
4428,,,,,,,6.7,38
4429,,,,,,,5.0,38
4430,,,,,,,5.8,38
4431,,,,,,,5.3,38
4432,,,,,,,5.1,38
4433,,,,,,,6.3,38
4434,,,,,,,3.9,38
4435,,,,,,,6.3,37
4436,,,,,,,3.8,37
4437,,,,,,,6.8,37
4438,,,,,,,3.9,37
4439,,,,,,,6.6,37
4440,,,,,,,5.1,37
4441,,,,,,,5.3,37
4442,,,,,,,6.3,37
4443,,,,,,,3.6,37
4444,,,,,,,6.4,37
4445,,,,,,,4.8,37
4446,,,,,,,5.9,37
4447,,,,,,,6.3,37
4448,,,,,,,4.0,37
4449,,,,,,,6.2,37
4450,,,,,,,4.8,37
4451,,,,,,,5.6,37
4452,,,,,,,5.7,37
4453,,,,,,,4.6,37
4454,,,,,,,6.7,36
4455,,,,,,,4.6,36
4456,,,,,,,7.1,36
4457,,,,,,,4.9,36
4458,,,,,,,5.9,36
4459,,,,,,,5.4,36
4460,,,,,,,5.0,36
4461,,,,,,,6.7,36
4462,,,,,,,3.5,36
4463,,,,,,,6.3,34
4464,,,,,,,4.4,34
4465,,,,,,,5.9,34
4466,,,,,,,5.7,34
4467,,,,,,,5.0,34
4468,,,,,,,7.0,34
4469,,,,,,,3.8,34
4470,,,,,,,7.1,34
4471,,,,,,,4.1,34
4472,,,,,,,6.5,38
4473,,,,,,,5.6,38
4474,,,,,,,4.5,38
4475,,,,,,,6.4,38
4476,,,,,,,4.6,38
4477,,,,,,,6.8,38
4478,,,,,,,3.4,38
4479,,,,,,,6.9,38
4480,,,,,,,4.3,38
4481,,,,,,,5.8,38
4482,,,,,,,5.6,37
4483,,,,,,,4.9,37
4484,,,,,,,6.6,37
4485,,,,,,,4.0,37
4486,,,,,,,6.4,37
4487,,,,,,,4.0,37
4488,,,,,,,6.8,37
4489,,,,,,,4.9,37
4490,,,,,,,5.5,37
4491,,,,,,,5.8,39
4492,,,,,,,4.4,39
4493,,,,,,,6.6,39
4494,,,,,,,4.1,39
4495,,,,,,,6.7,39
4496,,,,,,,4.1,39
4497,,,,,,,6.8,39
4498,,,,,,,4.5,39
4499,,,,,,,5.7,39
4500,,,,,,,5.7,38
4501,,,,,,,4.9,38
4502,,,,,,,6.5,38
4503,,,,,,,3.7,38
4504,,,,,,,6.8,38
4505,,,,,,,3.9,38
4506,,,,,,,6.9,38
4507,,,,,,,3.5,38
4508,,,,,,,7.0,38
4509,,,,,,,4.4,40
4510,,,,,,,5.8,40
4511,,,,,,,5.9,40
4512,,,,,,,4.0,40
4513,,,,,,,6.8,40
4514,,,,,,,4.1,40
4515,,,,,,,6.3,40
4516,,,,,,,4.9,40
4517,,,,,,,5.2,40
4518,,,,,,,6.1,34
4519,,,,,,,4.4,34
4520,,,,,,,5.8,34
4521,,,,,,,3.9,34
4522,,,,,,,7.2,34
4523,,,,,,,5.5,34
4524,,,,,,,5.2,34
4525,,,,,,,5.6,34
4526,,,,,,,4.9,34
4527,,,,,,,6.5,34
4528,,,,,,,3.9,37
4529,,,,,,,6.5,37
4530,,,,,,,3.9,37
4531,,,,,,,6.5,37
4532,,,,,,,3.7,37
4533,,,,,,,6.5,37
4534,,,,,,,4.8,37
4535,,,,,,,5.5,37
4536,,,,,,,5.7,37
4537,,,,,,,5.0,37
4538,,,,,,,6.1,37
4539,,,,,,,4.2,37
4540,,,,,,,6.6,37
4541,,,,,,,3.6,37
4542,,,,,,,6.9,37
4543,,,,,,,3.9,37
4544,,,,,,,6.5,37
4545,,,,,,,4.6,37
4546,,,,,,,5.0,41
4547,,,,,,,6.6,41
4548,,,,,,,3.9,41
4549,,,,,,,7.1,41
4550,,,,,,,3.9,41
4551,,,,,,,6.7,41
4552,,,,,,,4.9,41
4553,,,,,,,6.1,41
4554,,,,,,,4.9,41
4555,,,,,,,5.4,36
4556,,,,,,,5.9,36
4557,,,,,,,4.0,36
4558,,,,,,,6.7,36
4559,,,,,,,3.6,36
4560,,,,,,,7.4,36
4561,,,,,,,4.5,36
4562,,,,,,,5.8,36
4563,,,,,,,6.1,36
4564,,,,,,,4.7,36
4565,,,,,,,6.7,41
4566,,,,,,,3.4,41
4567,,,,,,,6.8,41
4568,,,,,,,3.4,41
4569,,,,,,,6.7,41
4570,,,,,,,4.1,41
4571,,,,,,,6.2,41
4572,,,,,,,5.1,41
4573,,,,,,,4.5,41
4574,,,,,,,6.4,38
4575,,,,,,,3.8,38
4576,,,,,,,6.5,38
4577,,,,,,,4.3,38
4578,,,,,,,5.4,38
4579,,,,,,,6.4,38
4580,,,,,,,3.6,38
4581,,,,,,,6.5,38
4582,,,,,,,4.2,38
4583,,,,,,,5.8,38
4584,,,,,,,5.0,38
4585,,,,,,,5.7,38
4586,,,,,,,6.2,38
4587,,,,,,,4.6,38
4588,,,,,,,6.1,38
4589,,,,,,,3.6,38
4590,,,,,,,6.9,38
4591,,,,,,,4.0,38
4592,,,,,,,6.4,36
4593,,,,,,,5.0,36
4594,,,,,,,5.1,36
4595,,,,,,,6.4,36
4596,,,,,,,3.7,36
4597,,,,,,,6.6,36
4598,,,,,,,3.9,36
4599,,,,,,,6.7,36
4600,,,,,,,5.6,36
4601,,,,,,,4.5,36
4602,,,,,,,6.4,40
4603,,,,,,,3.9,40
4604,,,,,,,6.3,40
4605,,,,,,,4.8,40
4606,,,,,,,5.4,40
4607,,,,,,,6.0,40
4608,,,,,,,3.6,40
4609,,,,,,,7.3,40
4610,,,,,,,5.1,40
4611,,,,,,,6.0,37
4612,,,,,,,5.2,37
4613,,,,,,,5.1,37
4614,,,,,,,5.2,37
4615,,,,,,,4.6,37
4616,,,,,,,6.3,37
4617,,,,,,,4.5,37
4618,,,,,,,6.5,37
4619,,,,,,,5.0,37
4620,,,,,,,4.8,37
4621,,,,,,,5.8,39
4622,,,,,,,4.9,39
4623,,,,,,,7.1,39
4624,,,,,,,4.4,39
4625,,,,,,,6.3,39
4626,,,,,,,3.9,39
4627,,,,,,,6.5,39
4628,,,,,,,5.0,39
4629,,,,,,,5.9,39
4630,,,,,,,4.7,39
4631,,,,,,,5.7,39
4632,,,,,,,5.3,39
4633,,,,,,,5.2,39
4634,,,,,,,6.3,39
4635,,,,,,,3.8,39
4636,,,,,,,6.5,39
4637,,,,,,,4.1,39
4638,,,,,,,7.0,39
4639,,,,,,,5.2,37
4640,,,,,,,5.0,37
4641,,,,,,,6.4,37
4642,,,,,,,5.1,37
4643,,,,,,,6.5,37
4644,,,,,,,4.8,37
4645,,,,,,,5.1,37
4646,,,,,,,6.6,37
4647,,,,,,,3.5,37
4648,,,,,,,6.6,37
4649,,,,,,,3.8,41
4650,,,,,,,5.9,41
4651,,,,,,,5.9,41
4652,,,,,,,4.5,41
4653,,,,,,,7.0,41
4654,,,,,,,4.1,41
4655,,,,,,,6.1,41
4656,,,,,,,5.7,41
4657,,,,,,,5.0,41
4658,,,,,,,6.0,38
4659,,,,,,,4.6,38
4660,,,,,,,6.5,38
4661,,,,,,,4.0,38
4662,,,,,,,6.6,38
4663,,,,,,,4.7,38
4664,,,,,,,5.9,38
4665,,,,,,,5.1,38
4666,,,,,,,5.5,38
4667,,,,,,,6.2,39
4668,,,,,,,3.7,39
4669,,,,,,,6.6,39
4670,,,,,,,4.9,39
4671,,,,,,,5.5,39
4672,,,,,,,5.7,39
4673,,,,,,,4.9,39
4674,,,,,,,6.8,39
4675,,,,,,,4.4,39
4676,,,,,,,6.3,39
4677,,,,,,,5.0,41
4678,,,,,,,5.2,41
4679,,,,,,,5.7,41
4680,,,,,,,5.2,41
4681,,,,,,,5.9,41
4682,,,,,,,5.0,41
4683,,,,,,,5.3,41
4684,,,,,,,6.0,41
4685,,,,,,,4.1,41
4686,,,,,,,6.6,38
4687,,,,,,,3.9,38
4688,,,,,,,7.0,38
4689,,,,,,,4.0,38
4690,,,,,,,6.6,38
4691,,,,,,,4.3,38
4692,,,,,,,6.2,38
4693,,,,,,,5.2,38
4694,,,,,,,4.9,38
4695,,,,,,,6.6,38
4696,,,,,,,3.8,37
4697,,,,,,,6.8,37
4698,,,,,,,5.7,37
4699,,,,,,,4.4,37
4700,,,,,,,6.3,37
4701,,,,,,,4.0,37
4702,,,,,,,6.8,37
4703,,,,,,,4.8,37
4704,,,,,,,5.8,37
4705,,,,,,,5.6,41
4706,,,,,,,5.4,41
4707,,,,,,,6.5,41
4708,,,,,,,4.2,41
4709,,,,,,,6.6,41
4710,,,,,,,4.0,41
4711,,,,,,,6.2,41
4712,,,,,,,5.4,41
4713,,,,,,,5.1,41
4714,,,,,,,6.4,41
4715,,,,,,,4.0,37
4716,,,,,,,6.8,37
4717,,,,,,,4.8,37
4718,,,,,,,5.7,37
4719,,,,,,,5.4,37
4720,,,,,,,5.1,37
4721,,,,,,,6.0,37
4722,,,,,,,4.0,37
4723,,,,,,,6.2,37
4724,,,,,,,4.1,37
4725,,,,,,,6.6,37
4726,,,,,,,4.4,37
4727,,,,,,,6.0,37
4728,,,,,,,5.0,37
4729,,,,,,,5.0,38
4730,,,,,,,6.5,38
4731,,,,,,,4.0,38
4732,,,,,,,6.2,38
4733,,,,,,,4.8,38
4734,,,,,,,6.5,38
4735,,,,,,,5.0,38
4736,,,,,,,5.2,38
4737,,,,,,,5.9,38
4738,,,,,,,4.8,38
4739,,,,,,,7.2,38
4740,,,,,,,4.5,38
4741,,,,,,,7.3,37
4742,,,,,,,3.8,37
4743,,,,,,,7.0,37
4744,,,,,,,5.7,37
4745,,,,,,,6.1,37
4746,,,,,,,5.3,37
4747,,,,,,,5.9,39
4748,,,,,,,6.1,39
4749,,,,,,,4.4,39
4750,,,,,,,6.4,39
4751,,,,,,,5.2,39
4752,,,,,,,4.8,39
4753,,,,,,,5.4,39
4754,,,,,,,5.2,42
4755,,,,,,,6.8,42
4756,,,,,,,5.8,42
4757,,,,,,,5.6,42
4758,,,,,,,7.3,42
4759,,,,,,,5.4,42
4760,,,,,,,5.0,42
4761,,,,,,,5.6,42
4762,,,,,,,5.8,42
4763,,,,,,,5.8,41
4764,,,,,,,5.5,41
4765,,,,,,,7.3,41
4766,,,,,,,5.7,41
4767,,,,,,,6.2,41
4768,,,,,,,5.6,41
4769,,,,,,,5.9,41
4770,,,,,,,5.4,41
4771,,,,,,,6.0,41
4772,,,,,,,7.3,41
4773,,,,,,,6.1,40
4774,,,,,,,5.3,40
4775,,,,,,,6.4,40
4776,,,,,,,3.3,40
4777,,,,,,,4.7,40
4778,,,,,,,1.9,40
4779,,,,,,,4.7,40
4780,,,,,,,2.2,40
4781,,,,,,,4.7,40
4782,,,,,,,2.2,39
4783,,,,,,,4.7,39
4784,,,,,,,2.2,39
4785,,,,,,,4.4,39
4786,,,,,,,2.2,39
4787,,,,,,,4.1,39
4788,,,,,,,,39
4789,,,,,,,,39
4790,,,,,,,,39
4791,,,,,,,,38
4792,,,,,,,,38
4793,,,,,,,,38
4794,,,,,,,,38
4795,,,,,,,,38
4796,,,,,,,,38
4797,,,,,,,,38
4798,,,,,,,,38
4799,,,,,,,,38
4800,,,,,,,,38
4801,,,,,,,,42
4802,,,,,,,,42
4803,,,,,,,,42
4804,,,,,,,,42
4805,,,,,,,,42
4806,,,,,,,,42
4807,,,,,,,,42
4808,,,,,,,,42
4809,,,,,,,,42
4810,,,,,,,,42
4811,,,,,,,,42
4812,,,,,,,,42
4813,,,,,,,,42
4814,,,,,,,,42
4815,,,,,,,,42
4816,,,,,,,,42
4817,,,,,,,,42
4818,,,,,,,,42
4819,,,,,,,,42
4820,,,,,,,,42
4821,,,,,,,,42
4822,,,,,,,,42
4823,,,,,,,,42
4824,,,,,,,,42
4825,,,,,,,,38
4826,,,,,,,,38
4827,,,,,,,,38
4828,,,,,,,,38
4829,,,,,,,,38
4830,,,,,,,,38
4831,,,,,,,,38
4832,,,,,,,,38
4833,,,,,,,,38
4834,,,,,,,,39
4835,,,,,,,,39
4836,,,,,,,,39
4837,,,,,,,,39
4838,,,,,,,,39
4839,,,,,,,,39
4840,,,,,,,,39
4841,,,,,,,,39
4842,,,,,,,,39
4843,,,,,,,,40
4844,,,,,,,,40
4845,,,,,,,,40
4846,,,,,,,,40
4847,,,,,,,,40
4848,,,,,,,,40
4849,,,,,,,,40
4850,,,,,,,,40
4851,,,,,,,,40
4852,,,,,,,,39
4853,,,,,,,,39
4854,,,,,,,,39
4855,,,,,,,,39
4856,,,,,,,,39
4857,,,,,,,,39
4858,,,,,,,,39
4859,,,,,,,,39
4860,,,,,,,,39
4861,,,,,,,,39
4862,,,,,,,,42
4863,,,,,,,,42
4864,,,,,,,,42
4865,,,,,,,,42
4866,,,,,,,,42
4867,,,,,,,,42
4868,,,,,,,,42
4869,,,,,,,,42
4870,,,,,,,,42
4871,,,,,,,,41
4872,,,,,,,,41
4873,,,,,,,,41
4874,,,,,,,,41
4875,,,,,,,,41
4876,,,,,,,,41
4877,,,,,,,,41
4878,,,,,,,,41
4879,,,,,,,,41
4880,,,,,,,,41
4881,,,,,,,,35
4882,,,,,,,,35
4883,,,,,,,,35
4884,,,,,,,,35
4885,,,,,,,,35
4886,,,,,,,,35
4887,,,,,,,,35
4888,,,,,,,,35
4889,,,,,,,,35
4890,,,,,,,,39
4891,,,,,,,,39
4892,,,,,,,,39
4893,,,,,,,,39
4894,,,,,,,,39
4895,,,,,,,,39
4896,,,,,,,,39
4897,,,,,,,,39
4898,,,,,,,,39
4899,,,,,,,,38
4900,,,,,,,,38
4901,,,,,,,,38
4902,,,,,,,,38
4903,,,,,,,,38
4904,,,,,,,,38
4905,,,,,,,,38
4906,,,,,,,,38
4907,,,,,,,,38
4908,,,,,,,,38
4909,,,,,,,,38
4910,,,,,,,,38
4911,,,,,,,,38
4912,,,,,,,,38
4913,,,,,,,,38
4914,,,,,,,,38
4915,,,,,,,,38
4916,,,,,,,,38
4917,,,,,,,,38
4918,,,,,,,,38
4919,,,,,,,,38
4920,,,,,,,,38
4921,,,,,,,,38
4922,,,,,,,,38
4923,,,,,,,,38
4924,,,,,,,,38
4925,,,,,,,,38
4926,,,,,,,,38
4927,,,,,,,,41
4928,,,,,,,,41
4929,,,,,,,,41
4930,,,,,,,,41
4931,,,,,,,,41
4932,,,,,,,,41
4933,,,,,,,,41
4934,,,,,,,,41
4935,,,,,,,,41
4936,,,,,,,,40
4937,,,,,,,,40
4938,,,,,,,,40
4939,,,,,,,,40
4940,,,,,,,,40
4941,,,,,,,,40
4942,,,,,,,,40
4943,,,,,,,,40
4944,,,,,,,,40
4945,,,,,,,,35
4946,,,,,,,,35
4947,,,,,,,,35
4948,,,,,,,,35
4949,,,,,,,,35
4950,,,,,,,,35
4951,,,,,,,,35
4952,,,,,,,,35
4953,,,,,,,,35
4954,,,,,,,,35
4955,,,,,,,,39
4956,,,,,,,,39
4957,,,,,,,,39
4958,,,,,,,,39
4959,,,,,,,,39
4960,,,,,,,,39
4961,,,,,,,,39
4962,,,,,,,,39
4963,,,,,,,,39
4964,,,,,,,,37
4965,,,,,,,,37
4966,,,,,,,,37
4967,,,,,,,,37
4968,,,,,,,,37
4969,,,,,,,,37
4970,,,,,,,,37
4971,,,,,,,,37
4972,,,,,,,,37
4973,,,,,,,,38
4974,,,,,,,,38
4975,,,,,,,,38
4976,,,,,,,,38
4977,,,,,,,,38
4978,,,,,,,,38
4979,,,,,,,,38
4980,,,,,,,,38
4981,,,,,,,,38
4982,,,,,,,,38
4983,,,,,,,,36
4984,,,,,,,,36
4985,,,,,,,,36
4986,,,,,,,,36
4987,,,,,,,,36
4988,,,,,,,,36
4989,,,,,,,,36
4990,,,,,,,,36
4991,,,,,,,,36
4992,,,,,,,,36
4993,,,,,,,,37
4994,,,,,,,,37
4995,,,,,,,,37
4996,,,,,,,,37
4997,,,,,,,,37
4998,,,,,,,,37
4999,,,,,,,,37
5000,,,,,,,,37
5001,,,,,,,,37
5002,,,,,,,,39
5003,,,,,,,,39
5004,,,,,,,,39
5005,,,,,,,,39
5006,,,,,,,,39
5007,,,,,,,,39
5008,,,,,,,,39
5009,,,,,,,,39
5010,,,,,,,,39
5011,,,,,,,,40
5012,,,,,,,,40
5013,,,,,,,,40
5014,,,,,,,,40
5015,,,,,,,,40
5016,,,,,,,,40
5017,,,,,,,,40
5018,,,,,,,,40
5019,,,,,,,,40
5020,,,,,,,,42
5021,,,,,,,,42
5022,,,,,,,,42
5023,,,,,,,,42
5024,,,,,,,,42
5025,,,,,,,,42
5026,,,,,,,,42
5027,,,,,,,,42
5028,,,,,,,,42
5029,,,,,,,,42
5030,,,,,,,,38
5031,,,,,,,,38
5032,,,,,,,,38
5033,,,,,,,,38
5034,,,,,,,,38
5035,,,,,,,,38
5036,,,,,,,,38
5037,,,,,,,,38
5038,,,,,,,,38
5039,,,,,,,,40
5040,,,,,,,,40
5041,,,,,,,,40
5042,,,,,,,,40
5043,,,,,,,,40
5044,,,,,,,,40
5045,,,,,,,,40
5046,,,,,,,,40
5047,,,,,,,,40
5048,,,,,,,,37
5049,,,,,,,,37
5050,,,,,,,,37
5051,,,,,,,,37
5052,,,,,,,,37
5053,,,,,,,,37
5054,,,,,,,,37
5055,,,,,,,,37
5056,,,,,,,,37
5057,,,,,,,,37
5058,,,,,,,,37
5059,,,,,,,,37
5060,,,,,,,,37
5061,,,,,,,,37
5062,,,,,,,,37
5063,,,,,,,,37
5064,,,,,,,,37
5065,,,,,,,,37
5066,,,,,,,,37
5067,,,,,,,,41
5068,,,,,,,,41
5069,,,,,,,,41
5070,,,,,,,,41
5071,,,,,,,,41
5072,,,,,,,,41
5073,,,,,,,,41
5074,,,,,,,,41
5075,,,,,,,,41
5076,,,,,,,,41
5077,,,,,,,,39
5078,,,,,,,,39
5079,,,,,,,,39
5080,,,,,,,,39
5081,,,,,,,,39
5082,,,,,,,,39
5083,,,,,,,,39
5084,,,,,,,,39
5085,,,,,,,,39
5086,,,,,,,,38
5087,,,,,,,,38
5088,,,,,,,,38
5089,,,,,,,,38
5090,,,,,,,,38
5091,,,,,,,,38
5092,,,,,,,,38
5093,,,,,,,,38
5094,,,,,,,,38
5095,,,,,,,,38
5096,,,,,,,,38
5097,,,,,,,,38
5098,,,,,,,,38
5099,,,,,,,,38
5100,,,,,,,,38
5101,,,,,,,,38
5102,,,,,,,,38
5103,,,,,,,,38
5104,,,,,,,,41
5105,,,,,,,,41
5106,,,,,,,,41
5107,,,,,,,,41
5108,,,,,,,,41
5109,,,,,,,,41
5110,,,,,,,,41
5111,,,,,,,,41
5112,,,,,,,,41
5113,,,,,,,,36
5114,,,,,,,,36
5115,,,,,,,,36
5116,,,,,,,,36
5117,,,,,,,,36
5118,,,,,,,,36
5119,,,,,,,,36
5120,,,,,,,,36
5121,,,,,,,,36
5122,,,,,,,,35
5123,,,,,,,,35
5124,,,,,,,,35
5125,,,,,,,,35
5126,,,,,,,,35
5127,,,,,,,,35
5128,,,,,,,,35
5129,,,,,,,,35
5130,,,,,,,,35
5131,,,,,,,,35
5132,,,,,,,,37
5133,,,,,,,,37
5134,,,,,,,,37
5135,,,,,,,,37
5136,,,,,,,,37
5137,,,,,,,,37
5138,,,,,,,,37
5139,,,,,,,,37
5140,,,,,,,,37
5141,,,,,,,,40
5142,,,,,,,,40
5143,,,,,,,,40
5144,,,,,,,,40
5145,,,,,,,,40
5146,,,,,,,,40
5147,,,,,,,,40
5148,,,,,,,,40
5149,,,,,,,,40
5150,,,,,,,,36
5151,,,,,,,,36
5152,,,,,,,,36
5153,,,,,,,,36
5154,,,,,,,,36
5155,,,,,,,,36
5156,,,,,,,,36
5157,,,,,,,,36
5158,,,,,,,,36
5159,,,,,,,,36
5160,,,,,,,,37
5161,,,,,,,,37
5162,,,,,,,,37
5163,,,,,,,,37
5164,,,,,,,,37
5165,,,,,,,,37
5166,,,,,,,,37
5167,,,,,,,,37
5168,,,,,,,,37
5169,,,,,,,,36
5170,,,,,,,,36
5171,,,,,,,,36
5172,,,,,,,,36
5173,,,,,,,,36
5174,,,,,,,,36
5175,,,,,,,,36
5176,,,,,,,,36
5177,,,,,,,,41
5178,,,,,,,,41
5179,,,,,,,,41
5180,,,,,,,,41
5181,,,,,,,,41
5182,,,,,,,,41
5183,,,,,,,,37
5184,,,,,,,,37
5185,,,,,,,,37
5186,,,,,,,,37
5187,,,,,,,,37
5188,,,,,,,,37
5189,,,,,,,,37
5190,,,,,,,,37
5191,,,,,,,,37
5192,,,,,,,,37
5193,,,,,,,,37
5194,,,,,,,,37
5195,,,,,,,,37
5196,,,,,,,,37
5197,,,,,,,,37
5198,,,,,,,,37
5199,,,,,,,,37
5200,,,,,,,,37
5201,,,,,,,,37
5202,,,,,,,,37
5203,,,,,,,,40
5204,,,,,,,,40
5205,,,,,,,,40
5206,,,,,,,,40
5207,,,,,,,,39
5208,,,,,,,,39
5209,,,,,,,,39
5210,,,,,,,,39
5211,,,,,,,,39
5212,,,,,,,,39
5213,,,,,,,,37
5214,,,,,,,,37
5215,,,,,,,,37
5216,,,,,,,,37
5217,,,,,,,,37
5218,,,,,,,,37
5219,,,,,,,,37
5220,,,,,,,,37
5221,,,,,,,,37
5222,,,,,,,,41
5223,,,,,,,,41
5224,,,,,,,,41
5225,,,,,,,,41
5226,,,,,,,,41
5227,,,,,,,,41
